M:\Spring_2022\H2_Project\Case_3_Final\H2_H2O_Case3_noPC_final_v13_volmodifier.sr3
Time (day);{15, 1, 26}-Gas Saturation;{15, 1, 1}-Gas Saturation
0;1E-06;1E-06
0.041667;9.97758E-07;9.97655E-07
0.083333;9.93164E-07;9.92851E-07
0.125;9.83886E-07;9.83152E-07
0.166667;9.72891E-07;9.71669E-07
0.208333;9.61568E-07;9.59852E-07
0.25;9.50552E-07;9.48366E-07
0.291667;9.39901E-07;9.37286E-07
0.333333;9.29829E-07;9.268E-07
0.375;9.20261E-07;9.1683E-07
0.416667;9.10923E-07;9.0712E-07
0.458333;9.01743E-07;8.97581E-07
0.5;8.92683E-07;8.88173E-07
0.541667;8.83755E-07;8.7891E-07
0.583333;8.75E-07;8.6983E-07
0.625;8.66476E-07;8.60997E-07
0.666667;8.5823E-07;8.52455E-07
0.708333;8.50302E-07;8.44249E-07
0.75;8.42761E-07;8.36448E-07
0.791667;8.35666E-07;8.29113E-07
0.833333;8.29038E-07;8.22262E-07
0.875;8.22868E-07;8.15889E-07
0.916667;8.17137E-07;8.09972E-07
0.958333;8.11818E-07;8.04482E-07
1;8.06883E-07;7.99391E-07
1.041667;8.023E-07;7.94665E-07
1.083333;7.98038E-07;7.9027E-07
1.125;7.94061E-07;7.86171E-07
1.166667;7.90333E-07;7.82331E-07
1.208333;7.86821E-07;7.78713E-07
1.25;7.83485E-07;7.75278E-07
1.291667;7.8029E-07;7.71987E-07
1.333333;7.77204E-07;7.68812E-07
1.375;7.74199E-07;7.65719E-07
1.416667;7.71251E-07;7.62686E-07
1.458333;7.68335E-07;7.59687E-07
1.5;7.65436E-07;7.56705E-07
1.541667;7.62542E-07;7.53729E-07
1.583333;7.59645E-07;7.50751E-07
1.625;7.56746E-07;7.47772E-07
1.666667;7.53843E-07;7.4479E-07
1.708333;7.50942E-07;7.4181E-07
1.75;7.48049E-07;7.38838E-07
1.791667;7.45169E-07;7.3588E-07
1.833333;7.42309E-07;7.32945E-07
1.875;7.39478E-07;7.30039E-07
1.916667;7.3668E-07;7.27168E-07
1.958333;7.3392E-07;7.24337E-07
2;7.31205E-07;7.21552E-07
2.041667;7.28539E-07;7.18818E-07
2.083333;7.25926E-07;7.16139E-07
2.125;7.23375E-07;7.13525E-07
2.166667;7.20903E-07;7.10991E-07
2.208333;7.18526E-07;7.08556E-07
2.25;7.16249E-07;7.06223E-07
2.291667;7.14072E-07;7.03994E-07
2.333333;7.11993E-07;7.01864E-07
2.375;7.10007E-07;6.99831E-07
2.416667;7.08111E-07;6.9789E-07
2.458333;7.06302E-07;6.96038E-07
2.5;7.04576E-07;6.94271E-07
2.541667;7.02928E-07;6.92585E-07
2.583333;7.01355E-07;6.90976E-07
2.625;6.99852E-07;6.89438E-07
2.666667;6.98414E-07;6.87967E-07
2.708333;6.97038E-07;6.8656E-07
2.75;6.95719E-07;6.85211E-07
2.791667;6.94452E-07;6.83916E-07
2.833333;6.93233E-07;6.82669E-07
2.875;6.92057E-07;6.81467E-07
2.916667;6.90919E-07;6.80303E-07
2.958333;6.89812E-07;6.79172E-07
3;6.88732E-07;6.78068E-07
3.041667;6.87674E-07;6.76986E-07
3.083333;6.86632E-07;6.75922E-07
3.125;6.85602E-07;6.7487E-07
3.166667;6.8458E-07;6.73825E-07
3.208333;6.8356E-07;6.72783E-07
3.25;6.8254E-07;6.71741E-07
3.291667;6.81517E-07;6.70695E-07
3.333333;6.80487E-07;6.69643E-07
3.375;6.79447E-07;6.68582E-07
3.416667;6.78397E-07;6.67509E-07
3.458333;6.77335E-07;6.66424E-07
3.5;6.76258E-07;6.65325E-07
3.541667;6.75169E-07;6.64213E-07
3.583333;6.74065E-07;6.63087E-07
3.625;6.7295E-07;6.61947E-07
3.666667;6.71822E-07;6.60797E-07
3.708333;6.70684E-07;6.59635E-07
3.75;6.69536E-07;6.58464E-07
3.791667;6.68381E-07;6.57285E-07
3.833333;6.6722E-07;6.56101E-07
3.875;6.66055E-07;6.54912E-07
3.916667;6.64888E-07;6.53722E-07
3.958333;6.6372E-07;6.5253E-07
4;6.62554E-07;6.51341E-07
4.041667;6.6139E-07;6.50154E-07
4.083333;6.60231E-07;6.48973E-07
4.125;6.59079E-07;6.47797E-07
4.166667;6.57934E-07;6.4663E-07
4.208333;6.56797E-07;6.45471E-07
4.25;6.55669E-07;6.44321E-07
4.291667;6.54552E-07;6.43183E-07
4.333333;6.53447E-07;6.42057E-07
4.375;6.52359E-07;6.40948E-07
4.416667;6.51291E-07;6.3986E-07
4.458333;6.50247E-07;6.38797E-07
4.5;6.49231E-07;6.37761E-07
4.541667;6.48243E-07;6.36755E-07
4.583333;6.47285E-07;6.3578E-07
4.625;6.46359E-07;6.34836E-07
4.666667;6.45464E-07;6.33925E-07
4.708333;6.44599E-07;6.33044E-07
4.75;6.43763E-07;6.32193E-07
4.791667;6.42956E-07;6.31371E-07
4.833333;6.42175E-07;6.30576E-07
4.875;6.4142E-07;6.29807E-07
4.916667;6.4069E-07;6.29064E-07
4.958333;6.39984E-07;6.28346E-07
5;6.39301E-07;6.27651E-07
5.041667;6.3864E-07;6.26978E-07
5.083333;6.38E-07;6.26327E-07
5.125;6.3738E-07;6.25696E-07
5.166667;6.3678E-07;6.25085E-07
5.208333;6.36198E-07;6.24493E-07
5.25;6.35633E-07;6.23918E-07
5.291667;6.35086E-07;6.23362E-07
5.333333;6.34555E-07;6.22822E-07
5.375;6.34037E-07;6.22294E-07
5.416667;6.33531E-07;6.2178E-07
5.458333;6.33038E-07;6.21278E-07
5.5;6.32555E-07;6.20787E-07
5.541667;6.32082E-07;6.20305E-07
5.583333;6.31616E-07;6.19832E-07
5.625;6.31158E-07;6.19366E-07
5.666667;6.30705E-07;6.18905E-07
5.708333;6.30257E-07;6.18449E-07
5.75;6.29811E-07;6.17996E-07
5.791667;6.29368E-07;6.17545E-07
5.833333;6.28925E-07;6.17095E-07
5.875;6.28481E-07;6.16643E-07
5.916667;6.28035E-07;6.1619E-07
5.958333;6.27587E-07;6.15734E-07
6;6.27134E-07;6.15274E-07
6.041667;6.26677E-07;6.1481E-07
6.083333;6.26216E-07;6.14341E-07
6.125;6.2575E-07;6.13867E-07
6.166667;6.25277E-07;6.13386E-07
6.208333;6.24797E-07;6.12898E-07
6.25;6.2431E-07;6.12403E-07
6.291667;6.23815E-07;6.119E-07
6.333333;6.23312E-07;6.11389E-07
6.375;6.22801E-07;6.10869E-07
6.416667;6.22282E-07;6.10342E-07
6.458333;6.21754E-07;6.09806E-07
6.5;6.21219E-07;6.09262E-07
6.541667;6.20677E-07;6.08711E-07
6.583333;6.20128E-07;6.08153E-07
6.625;6.19572E-07;6.07588E-07
6.666667;6.1901E-07;6.07017E-07
6.708333;6.18443E-07;6.06441E-07
6.75;6.1787E-07;6.05859E-07
6.791667;6.17293E-07;6.05273E-07
6.833333;6.16711E-07;6.04682E-07
6.875;6.16126E-07;6.04088E-07
6.916667;6.15538E-07;6.0349E-07
6.958333;6.14947E-07;6.0289E-07
7;6.14355E-07;6.02289E-07
7.041667;6.13763E-07;6.01687E-07
7.083333;6.1317E-07;6.01085E-07
7.125;6.12577E-07;6.00483E-07
7.166667;6.11985E-07;5.99882E-07
7.208333;6.11393E-07;5.99282E-07
7.25;6.10804E-07;5.98683E-07
7.291667;6.10217E-07;5.98087E-07
7.333333;6.09632E-07;5.97493E-07
7.375;6.09049E-07;5.96902E-07
7.416667;6.0847E-07;5.96314E-07
7.458333;6.07894E-07;5.95729E-07
7.5;6.07322E-07;5.95149E-07
7.541667;6.06757E-07;5.94576E-07
7.583333;6.06198E-07;5.94009E-07
7.625;6.05648E-07;5.93451E-07
7.666667;6.05107E-07;5.92902E-07
7.708333;6.04576E-07;5.92363E-07
7.75;6.04055E-07;5.91834E-07
7.791667;6.03545E-07;5.91317E-07
7.833333;6.03045E-07;5.9081E-07
7.875;6.02557E-07;5.90315E-07
7.916667;6.0208E-07;5.89831E-07
7.958333;6.01615E-07;5.89358E-07
8;6.0116E-07;5.88898E-07
8.041667;6.00717E-07;5.88449E-07
8.083333;6.00286E-07;5.88011E-07
8.125;5.99866E-07;5.87585E-07
8.166667;5.99456E-07;5.87169E-07
8.208333;5.99057E-07;5.86765E-07
8.25;5.98668E-07;5.8637E-07
8.291667;5.98289E-07;5.85986E-07
8.333333;5.9792E-07;5.85611E-07
8.375;5.9756E-07;5.85246E-07
8.416667;5.97209E-07;5.8489E-07
8.458333;5.96866E-07;5.84543E-07
8.5;5.96532E-07;5.84204E-07
8.541667;5.96206E-07;5.83874E-07
8.583333;5.95887E-07;5.83551E-07
8.625;5.95576E-07;5.83235E-07
8.666667;5.95271E-07;5.82926E-07
8.708333;5.94973E-07;5.82624E-07
8.75;5.94681E-07;5.82328E-07
8.791667;5.94395E-07;5.82038E-07
8.833333;5.94115E-07;5.81754E-07
8.875;5.9384E-07;5.81475E-07
8.916667;5.93571E-07;5.81203E-07
8.958333;5.93307E-07;5.80935E-07
9;5.93047E-07;5.80672E-07
9.041667;5.92792E-07;5.80413E-07
9.083333;5.9254E-07;5.80158E-07
9.125;5.92292E-07;5.79906E-07
9.166667;5.92047E-07;5.79658E-07
9.208333;5.91804E-07;5.79412E-07
9.25;5.91563E-07;5.79168E-07
9.291667;5.91325E-07;5.78926E-07
9.333333;5.91089E-07;5.78687E-07
9.375;5.90855E-07;5.7845E-07
9.416667;5.90623E-07;5.78215E-07
9.458333;5.90392E-07;5.77981E-07
9.5;5.90162E-07;5.77748E-07
9.541667;5.89931E-07;5.77514E-07
9.583333;5.897E-07;5.7728E-07
9.625;5.89469E-07;5.77046E-07
9.666667;5.89236E-07;5.7681E-07
9.708333;5.89002E-07;5.76573E-07
9.75;5.88765E-07;5.76333E-07
9.791667;5.88526E-07;5.76091E-07
9.833333;5.88284E-07;5.75846E-07
9.875;5.88039E-07;5.75598E-07
9.916667;5.87791E-07;5.75346E-07
9.958333;5.8754E-07;5.75092E-07
10;5.87285E-07;5.74834E-07
10.041667;5.87027E-07;5.74572E-07
10.083333;5.86764E-07;5.74306E-07
10.125;5.86498E-07;5.74036E-07
10.166667;5.86228E-07;5.73763E-07
10.208333;5.85951E-07;5.73482E-07
10.25;5.8567E-07;5.73198E-07
10.291667;5.85387E-07;5.72911E-07
10.333333;5.85101E-07;5.72621E-07
10.375;5.84815E-07;5.72331E-07
10.416667;5.84525E-07;5.72037E-07
10.458333;5.84231E-07;5.7174E-07
10.5;5.83935E-07;5.7144E-07
10.541667;5.83636E-07;5.71137E-07
10.583333;5.83333E-07;5.70831E-07
10.625;5.83028E-07;5.70522E-07
10.666667;5.8272E-07;5.7021E-07
10.708333;5.82409E-07;5.69895E-07
10.75;5.82096E-07;5.69578E-07
10.791667;5.8178E-07;5.69258E-07
10.833333;5.81462E-07;5.68936E-07
10.875;5.81141E-07;5.68612E-07
10.916667;5.80817E-07;5.68283E-07
10.958333;5.80493E-07;5.67956E-07
11;5.80168E-07;5.67627E-07
11.041667;5.79843E-07;5.67298E-07
11.083333;5.79517E-07;5.66968E-07
11.125;5.7919E-07;5.66637E-07
11.166667;5.78862E-07;5.66305E-07
11.208333;5.78533E-07;5.65971E-07
11.25;5.78202E-07;5.65637E-07
11.291667;5.77872E-07;5.65303E-07
11.333333;5.77543E-07;5.6497E-07
11.375;5.77212E-07;5.64635E-07
11.416667;5.7688E-07;5.64299E-07
11.458333;5.76547E-07;5.63962E-07
11.5;5.76215E-07;5.63626E-07
11.541667;5.75883E-07;5.6329E-07
11.583333;5.75553E-07;5.62955E-07
11.625;5.75222E-07;5.62621E-07
11.666667;5.74894E-07;5.62289E-07
11.708333;5.74567E-07;5.61958E-07
11.75;5.74242E-07;5.61629E-07
11.791667;5.7392E-07;5.61304E-07
11.833333;5.73602E-07;5.60982E-07
11.875;5.73287E-07;5.60664E-07
11.916667;5.72976E-07;5.60349E-07
11.958333;5.72669E-07;5.60038E-07
12;5.72366E-07;5.59732E-07
12.041667;5.72068E-07;5.59431E-07
12.083333;5.71775E-07;5.59134E-07
12.125;5.71485E-07;5.58841E-07
12.166667;5.712E-07;5.58552E-07
12.208333;5.70918E-07;5.58268E-07
12.25;5.70641E-07;5.57987E-07
12.291667;5.70369E-07;5.57712E-07
12.333333;5.701E-07;5.5744E-07
12.375;5.69835E-07;5.57172E-07
12.416667;5.69575E-07;5.56909E-07
12.458333;5.69318E-07;5.56649E-07
12.5;5.69065E-07;5.56394E-07
12.541667;5.68817E-07;5.56142E-07
12.583333;5.68572E-07;5.55895E-07
12.625;5.68332E-07;5.55652E-07
12.666667;5.68096E-07;5.55413E-07
12.708333;5.67864E-07;5.55179E-07
12.75;5.67635E-07;5.54948E-07
12.791667;5.67411E-07;5.54721E-07
12.833333;5.67191E-07;5.54499E-07
12.875;5.66975E-07;5.5428E-07
12.916667;5.66762E-07;5.54065E-07
12.958333;5.66554E-07;5.53854E-07
13;5.66348E-07;5.53647E-07
13.041667;5.66147E-07;5.53443E-07
13.083333;5.65949E-07;5.53243E-07
13.125;5.65756E-07;5.53047E-07
13.166667;5.65566E-07;5.52855E-07
13.208333;5.65379E-07;5.52667E-07
13.25;5.65196E-07;5.52482E-07
13.291667;5.65017E-07;5.52301E-07
13.333333;5.6484E-07;5.52122E-07
13.375;5.64666E-07;5.51946E-07
13.416667;5.64495E-07;5.51774E-07
13.458333;5.64327E-07;5.51603E-07
13.5;5.64161E-07;5.51436E-07
13.541667;5.63998E-07;5.5127E-07
13.583333;5.63836E-07;5.51108E-07
13.625;5.63677E-07;5.50947E-07
13.666667;5.6352E-07;5.50788E-07
13.708333;5.63364E-07;5.5063E-07
13.75;5.6321E-07;5.50475E-07
13.791667;5.63058E-07;5.50321E-07
13.833333;5.62907E-07;5.50168E-07
13.875;5.62757E-07;5.50017E-07
13.916667;5.62608E-07;5.49866E-07
13.958333;5.62459E-07;5.49716E-07
14;5.62311E-07;5.49566E-07
14.041667;5.62163E-07;5.49416E-07
14.083333;5.62015E-07;5.49267E-07
14.125;5.61868E-07;5.49118E-07
14.166667;5.6172E-07;5.48969E-07
14.208333;5.61572E-07;5.48819E-07
14.25;5.61424E-07;5.4867E-07
14.291667;5.61278E-07;5.48522E-07
14.333333;5.61132E-07;5.48375E-07
14.375;5.60987E-07;5.48229E-07
14.416667;5.60843E-07;5.48083E-07
14.458333;5.60699E-07;5.47937E-07
14.5;5.60554E-07;5.47791E-07
14.541667;5.6041E-07;5.47645E-07
14.583333;5.6026E-07;5.47494E-07
14.625;5.60108E-07;5.4734E-07
14.666667;5.59955E-07;5.47185E-07
14.708333;5.59801E-07;5.4703E-07
14.75;5.59647E-07;5.46874E-07
14.791667;5.59493E-07;5.46718E-07
14.833333;5.59338E-07;5.46562E-07
14.875;5.59182E-07;5.46405E-07
14.916667;5.59026E-07;5.46247E-07
14.958333;5.58868E-07;5.46088E-07
15;5.58709E-07;5.45927E-07
15.041667;5.58549E-07;5.45765E-07
15.083333;5.58391E-07;5.45605E-07
15.125;5.58228E-07;5.45441E-07
15.166667;5.58066E-07;5.45277E-07
15.208333;5.57903E-07;5.45113E-07
15.25;5.57738E-07;5.44946E-07
15.291667;5.5757E-07;5.44776E-07
15.333333;5.57401E-07;5.44606E-07
15.375;5.57231E-07;5.44434E-07
15.416667;5.57057E-07;5.44259E-07
15.458333;5.56883E-07;5.44082E-07
15.5;5.56707E-07;5.43905E-07
15.541667;5.56531E-07;5.43727E-07
15.583333;5.56354E-07;5.43548E-07
15.625;5.56177E-07;5.43369E-07
15.666667;5.55998E-07;5.43189E-07
15.708333;5.55818E-07;5.43007E-07
15.75;5.55638E-07;5.42825E-07
15.791667;5.55456E-07;5.42641E-07
15.833333;5.55273E-07;5.42456E-07
15.875;5.55089E-07;5.4227E-07
15.916667;5.54904E-07;5.42083E-07
15.958333;5.54717E-07;5.41895E-07
16;5.5453E-07;5.41706E-07
16.041666;5.54342E-07;5.41516E-07
16.083334;5.54152E-07;5.41325E-07
16.125;5.53961E-07;5.41132E-07
16.166666;5.53769E-07;5.40938E-07
16.208334;5.53577E-07;5.40744E-07
16.25;5.53384E-07;5.40549E-07
16.291666;5.5319E-07;5.40353E-07
16.333334;5.52993E-07;5.40154E-07
16.375;5.52796E-07;5.39955E-07
16.416666;5.52597E-07;5.39754E-07
16.458334;5.52398E-07;5.39553E-07
16.5;5.52198E-07;5.39351E-07
16.541666;5.51999E-07;5.39151E-07
16.583334;5.51801E-07;5.38951E-07
16.625;5.51605E-07;5.38753E-07
16.666666;5.51408E-07;5.38555E-07
16.708334;5.51212E-07;5.38357E-07
16.75;5.51016E-07;5.38159E-07
16.791666;5.50821E-07;5.37961E-07
16.833334;5.50625E-07;5.37764E-07
16.875;5.50429E-07;5.37566E-07
16.916666;5.50235E-07;5.3737E-07
16.958334;5.50039E-07;5.37172E-07
17;5.49842E-07;5.36974E-07
17.041666;5.49646E-07;5.36776E-07
17.083334;5.49449E-07;5.36577E-07
17.125;5.49254E-07;5.3638E-07
17.166666;5.49059E-07;5.36184E-07
17.208334;5.48866E-07;5.35988E-07
17.25;5.48674E-07;5.35795E-07
17.291666;5.48483E-07;5.35602E-07
17.333334;5.48294E-07;5.35412E-07
17.375;5.48107E-07;5.35222E-07
17.416666;5.47921E-07;5.35035E-07
17.458334;5.47737E-07;5.34849E-07
17.5;5.47555E-07;5.34666E-07
17.541666;5.47375E-07;5.34484E-07
17.583334;5.47196E-07;5.34304E-07
17.625;5.4702E-07;5.34126E-07
17.666666;5.46845E-07;5.3395E-07
17.708334;5.46672E-07;5.33775E-07
17.75;5.46501E-07;5.33603E-07
17.791666;5.46332E-07;5.33432E-07
17.833334;5.46164E-07;5.33263E-07
17.875;5.45998E-07;5.33095E-07
17.916666;5.45833E-07;5.32929E-07
17.958334;5.45671E-07;5.32765E-07
18;5.4551E-07;5.32603E-07
18.041666;5.45352E-07;5.32443E-07
18.083334;5.45195E-07;5.32285E-07
18.125;5.4504E-07;5.32129E-07
18.166666;5.44887E-07;5.31975E-07
18.208334;5.44736E-07;5.31822E-07
18.25;5.44586E-07;5.31671E-07
18.291666;5.44438E-07;5.31521E-07
18.333334;5.44291E-07;5.31374E-07
18.375;5.44147E-07;5.31228E-07
18.416666;5.44003E-07;5.31083E-07
18.458334;5.43861E-07;5.3094E-07
18.5;5.43721E-07;5.30798E-07
18.541666;5.43582E-07;5.30658E-07
18.583334;5.4344E-07;5.30515E-07
18.625;5.43298E-07;5.30372E-07
18.666666;5.43157E-07;5.3023E-07
18.708334;5.43018E-07;5.30089E-07
18.75;5.42885E-07;5.29956E-07
18.791666;5.42756E-07;5.29825E-07
18.833334;5.42628E-07;5.29696E-07
18.875;5.42501E-07;5.29568E-07
18.916666;5.42376E-07;5.29442E-07
18.958334;5.42252E-07;5.29316E-07
19;5.42129E-07;5.29193E-07
19.041666;5.42007E-07;5.2907E-07
19.083334;5.41887E-07;5.28948E-07
19.125;5.41768E-07;5.28828E-07
19.166666;5.4165E-07;5.2871E-07
19.208334;5.41534E-07;5.28593E-07
19.25;5.4142E-07;5.28478E-07
19.291666;5.41307E-07;5.28364E-07
19.333334;5.41195E-07;5.28251E-07
19.375;5.41085E-07;5.28139E-07
19.416666;5.40975E-07;5.28029E-07
19.458334;5.40862E-07;5.27914E-07
19.5;5.40748E-07;5.27799E-07
19.541666;5.40634E-07;5.27685E-07
19.583334;5.40522E-07;5.27572E-07
19.625;5.40415E-07;5.27464E-07
19.666666;5.40311E-07;5.27359E-07
19.708334;5.40208E-07;5.27255E-07
19.75;5.40104E-07;5.27151E-07
19.791666;5.40001E-07;5.27047E-07
19.833334;5.39898E-07;5.26943E-07
19.875;5.39795E-07;5.26839E-07
19.916666;5.39692E-07;5.26735E-07
19.958334;5.39591E-07;5.26633E-07
20;5.3949E-07;5.26531E-07
20.041666;5.3939E-07;5.2643E-07
20.083334;5.3929E-07;5.2633E-07
20.125;5.39191E-07;5.2623E-07
20.166666;5.39092E-07;5.2613E-07
20.208334;5.38994E-07;5.26031E-07
20.25;5.38896E-07;5.25932E-07
20.291666;5.38799E-07;5.25834E-07
20.333334;5.38702E-07;5.25737E-07
20.375;5.38606E-07;5.2564E-07
20.416666;5.38511E-07;5.25544E-07
20.458334;5.38415E-07;5.25447E-07
20.5;5.3832E-07;5.25351E-07
20.541666;5.38224E-07;5.25255E-07
20.583334;5.38128E-07;5.25158E-07
20.625;5.38033E-07;5.25062E-07
20.666666;5.37937E-07;5.24965E-07
20.708334;5.37841E-07;5.24868E-07
20.75;5.37741E-07;5.24767E-07
20.791666;5.3764E-07;5.24666E-07
20.833334;5.37538E-07;5.24563E-07
20.875;5.37437E-07;5.24461E-07
20.916666;5.37335E-07;5.24358E-07
20.958334;5.37233E-07;5.24255E-07
21;5.3713E-07;5.24152E-07
21.041666;5.37027E-07;5.24048E-07
21.083334;5.36924E-07;5.23944E-07
21.125;5.3682E-07;5.23839E-07
21.166666;5.36716E-07;5.23734E-07
21.208334;5.36611E-07;5.23629E-07
21.25;5.36506E-07;5.23523E-07
21.291666;5.36401E-07;5.23417E-07
21.333334;5.36296E-07;5.23311E-07
21.375;5.36191E-07;5.23205E-07
21.416666;5.36086E-07;5.231E-07
21.458334;5.35981E-07;5.22994E-07
21.5;5.35877E-07;5.22889E-07
21.541666;5.35772E-07;5.22783E-07
21.583334;5.35667E-07;5.22677E-07
21.625;5.35562E-07;5.22571E-07
21.666666;5.35456E-07;5.22465E-07
21.708334;5.3535E-07;5.22358E-07
21.75;5.35243E-07;5.2225E-07
21.791666;5.35136E-07;5.22142E-07
21.833334;5.35028E-07;5.22033E-07
21.875;5.3492E-07;5.21924E-07
21.916666;5.3481E-07;5.21814E-07
21.958334;5.34701E-07;5.21703E-07
22;5.3459E-07;5.21592E-07
22.041666;5.34479E-07;5.2148E-07
22.083334;5.34366E-07;5.21366E-07
22.125;5.34254E-07;5.21253E-07
22.166666;5.3414E-07;5.21139E-07
22.208334;5.34026E-07;5.21024E-07
22.25;5.33912E-07;5.20908E-07
22.291666;5.33796E-07;5.20792E-07
22.333334;5.3368E-07;5.20675E-07
22.375;5.33563E-07;5.20557E-07
22.416666;5.33446E-07;5.20439E-07
22.458334;5.33328E-07;5.20321E-07
22.5;5.3321E-07;5.20201E-07
22.541666;5.33092E-07;5.20082E-07
22.583334;5.32973E-07;5.19962E-07
22.625;5.32854E-07;5.19842E-07
22.666666;5.32734E-07;5.19722E-07
22.708334;5.32615E-07;5.19602E-07
22.75;5.32495E-07;5.19481E-07
22.791666;5.32375E-07;5.1936E-07
22.833334;5.32255E-07;5.19239E-07
22.875;5.32135E-07;5.19118E-07
22.916666;5.32014E-07;5.18996E-07
22.958334;5.31893E-07;5.18874E-07
23;5.31772E-07;5.18752E-07
23.041666;5.31651E-07;5.1863E-07
23.083334;5.31529E-07;5.18508E-07
23.125;5.31407E-07;5.18385E-07
23.166666;5.31285E-07;5.18262E-07
23.208334;5.31163E-07;5.18139E-07
23.25;5.31041E-07;5.18015E-07
23.291666;5.30918E-07;5.17892E-07
23.333334;5.30795E-07;5.17768E-07
23.375;5.30672E-07;5.17644E-07
23.416666;5.30549E-07;5.17519E-07
23.458334;5.30425E-07;5.17395E-07
23.5;5.30302E-07;5.17271E-07
23.541666;5.30178E-07;5.17146E-07
23.583334;5.30055E-07;5.17022E-07
23.625;5.29931E-07;5.16898E-07
23.666666;5.29808E-07;5.16774E-07
23.708334;5.29685E-07;5.1665E-07
23.75;5.29562E-07;5.16526E-07
23.791666;5.2944E-07;5.16402E-07
23.833334;5.29317E-07;5.16279E-07
23.875;5.29195E-07;5.16156E-07
23.916666;5.29073E-07;5.16033E-07
23.958334;5.28951E-07;5.15911E-07
24;5.2883E-07;5.15788E-07
24.041666;5.28709E-07;5.15666E-07
24.083334;5.28589E-07;5.15545E-07
24.125;5.28469E-07;5.15424E-07
24.166666;5.28349E-07;5.15304E-07
24.208334;5.2823E-07;5.15184E-07
24.25;5.28112E-07;5.15065E-07
24.291666;5.27995E-07;5.14947E-07
24.333334;5.27878E-07;5.14829E-07
24.375;5.27761E-07;5.14711E-07
24.416666;5.27645E-07;5.14595E-07
24.458334;5.2753E-07;5.14479E-07
24.5;5.27416E-07;5.14364E-07
24.541666;5.27303E-07;5.1425E-07
24.583334;5.27191E-07;5.14138E-07
24.625;5.2708E-07;5.14026E-07
24.666666;5.26969E-07;5.13914E-07
24.708334;5.2686E-07;5.13804E-07
24.75;5.26751E-07;5.13694E-07
24.791666;5.26643E-07;5.13586E-07
24.833334;5.26536E-07;5.13478E-07
24.875;5.2643E-07;5.13371E-07
24.916666;5.26324E-07;5.13265E-07
24.958334;5.26219E-07;5.13159E-07
25;5.26115E-07;5.13055E-07
25.041666;5.26012E-07;5.12951E-07
25.083334;5.2591E-07;5.12848E-07
25.125;5.25808E-07;5.12745E-07
25.166666;5.25707E-07;5.12644E-07
25.208334;5.25607E-07;5.12543E-07
25.25;5.25507E-07;5.12443E-07
25.291666;5.25408E-07;5.12343E-07
25.333334;5.2531E-07;5.12244E-07
25.375;5.25213E-07;5.12146E-07
25.416666;5.25116E-07;5.12049E-07
25.458334;5.25019E-07;5.11952E-07
25.5;5.24924E-07;5.11855E-07
25.541666;5.24829E-07;5.1176E-07
25.583334;5.24734E-07;5.11665E-07
25.625;5.2464E-07;5.1157E-07
25.666666;5.24547E-07;5.11476E-07
25.708334;5.24454E-07;5.11383E-07
25.75;5.24362E-07;5.1129E-07
25.791666;5.2427E-07;5.11198E-07
25.833334;5.2418E-07;5.11106E-07
25.875;5.24089E-07;5.11015E-07
25.916666;5.24E-07;5.10925E-07
25.958334;5.23911E-07;5.10835E-07
26;5.23822E-07;5.10747E-07
26.041666;5.23735E-07;5.10659E-07
26.083334;5.23648E-07;5.10571E-07
26.125;5.23562E-07;5.10485E-07
26.166666;5.23477E-07;5.10399E-07
26.208334;5.23392E-07;5.10313E-07
26.25;5.23308E-07;5.10229E-07
26.291666;5.23225E-07;5.10145E-07
26.333334;5.23142E-07;5.10062E-07
26.375;5.2306E-07;5.09979E-07
26.416666;5.22978E-07;5.09896E-07
26.458334;5.22896E-07;5.09814E-07
26.5;5.22815E-07;5.09732E-07
26.541666;5.22735E-07;5.09651E-07
26.583334;5.22655E-07;5.09571E-07
26.625;5.22576E-07;5.09491E-07
26.666666;5.22498E-07;5.09412E-07
26.708334;5.2242E-07;5.09334E-07
26.75;5.22342E-07;5.09256E-07
26.791666;5.22266E-07;5.09179E-07
26.833334;5.2219E-07;5.09102E-07
26.875;5.22114E-07;5.09026E-07
26.916666;5.22038E-07;5.0895E-07
26.958334;5.21963E-07;5.08874E-07
27;5.21889E-07;5.08799E-07
27.041666;5.21815E-07;5.08725E-07
27.083334;5.21741E-07;5.08651E-07
27.125;5.21668E-07;5.08577E-07
27.166666;5.21596E-07;5.08504E-07
27.208334;5.21523E-07;5.08431E-07
27.25;5.21452E-07;5.08359E-07
27.291666;5.21381E-07;5.08288E-07
27.333334;5.21311E-07;5.08217E-07
27.375;5.21241E-07;5.08146E-07
27.416666;5.21171E-07;5.08076E-07
27.458334;5.21102E-07;5.08006E-07
27.5;5.21033E-07;5.07937E-07
27.541666;5.20964E-07;5.07867E-07
27.583334;5.20896E-07;5.07798E-07
27.625;5.20827E-07;5.07729E-07
27.666666;5.20759E-07;5.0766E-07
27.708334;5.2069E-07;5.07591E-07
27.75;5.20622E-07;5.07522E-07
27.791666;5.20553E-07;5.07453E-07
27.833334;5.20485E-07;5.07384E-07
27.875;5.20416E-07;5.07315E-07
27.916666;5.20348E-07;5.07246E-07
27.958334;5.20279E-07;5.07177E-07
28;5.2021E-07;5.07107E-07
28.041666;5.20141E-07;5.07038E-07
28.083334;5.20072E-07;5.06968E-07
28.125;5.20003E-07;5.06898E-07
28.166666;5.19934E-07;5.06828E-07
28.208334;5.19865E-07;5.06759E-07
28.25;5.19798E-07;5.06691E-07
28.291666;5.1973E-07;5.06623E-07
28.333334;5.19663E-07;5.06556E-07
28.375;5.19596E-07;5.06488E-07
28.416666;5.19529E-07;5.06421E-07
28.458334;5.19463E-07;5.06354E-07
28.5;5.19396E-07;5.06287E-07
28.541666;5.1933E-07;5.0622E-07
28.583334;5.19266E-07;5.06155E-07
28.625;5.19203E-07;5.06091E-07
28.666666;5.19139E-07;5.06027E-07
28.708334;5.19074E-07;5.05961E-07
28.75;5.19007E-07;5.05894E-07
28.791666;5.1894E-07;5.05826E-07
28.833334;5.18873E-07;5.05759E-07
28.875;5.18806E-07;5.05691E-07
28.916666;5.18739E-07;5.05623E-07
28.958334;5.18672E-07;5.05556E-07
29;5.18605E-07;5.05489E-07
29.041666;5.18539E-07;5.05422E-07
29.083334;5.18472E-07;5.05355E-07
29.125;5.18404E-07;5.05287E-07
29.166666;5.18337E-07;5.05219E-07
29.208334;5.18269E-07;5.05152E-07
29.25;5.18202E-07;5.05083E-07
29.291666;5.18133E-07;5.05015E-07
29.333334;5.18065E-07;5.04946E-07
29.375;5.17996E-07;5.04876E-07
29.416666;5.17927E-07;5.04807E-07
29.458334;5.17857E-07;5.04737E-07
29.5;5.17788E-07;5.04667E-07
29.541666;5.17718E-07;5.04597E-07
29.583334;5.17647E-07;5.04526E-07
29.625;5.17577E-07;5.04455E-07
29.666666;5.17506E-07;5.04384E-07
29.708334;5.17436E-07;5.04314E-07
29.75;5.17366E-07;5.04243E-07
29.791666;5.17296E-07;5.04173E-07
29.833334;5.17227E-07;5.04103E-07
29.875;5.17157E-07;5.04033E-07
29.916666;5.17088E-07;5.03964E-07
29.958334;5.17019E-07;5.03894E-07
30;5.1695E-07;5.03825E-07
31;5.153E-07;5.02165E-07
32;5.13543E-07;5.00394E-07
33;5.11804E-07;4.98643E-07
34;5.10262E-07;4.97081E-07
35;5.08915E-07;4.95747E-07
36;5.07666E-07;4.94488E-07
37;5.06495E-07;4.93301E-07
38;5.05411E-07;4.92185E-07
39;5.04314E-07;4.91061E-07
40;5.03256E-07;0.000420445
41;5.02151E-07;0.005892348
42;5.01033E-07;0.029937387
43;4.99902E-07;0.076649189
44;4.98831E-07;0.142209217
45;4.97848E-07;0.223786145
46;4.969E-07;0.313442767
47;4.96048E-07;0.403307408
48;4.95233E-07;0.473792553
49;4.94446E-07;0.501361907
50;4.93738E-07;0.533384204
51;4.93015E-07;0.551315069
52;4.92359E-07;0.568252683
53;4.91722E-07;0.581673622
54;4.91021E-07;0.593136609
55;4.90406E-07;0.603237092
56;4.8981E-07;0.61221683
57;4.89153E-07;0.620148003
58;4.88608E-07;0.627349317
59;4.88111E-07;0.633835435
60;4.87573E-07;0.639786184
61;4.87133E-07;0.645241678
62;4.86694E-07;0.650242448
63;4.86285E-07;0.654901743
64;4.85922E-07;0.659238875
65;4.85563E-07;0.663277745
66;4.85236E-07;0.667040646
67;4.84918E-07;0.670598626
68;4.84597E-07;0.673955739
69;4.84326E-07;0.677125692
70;4.84056E-07;0.68011862
71;4.83765E-07;0.682944715
72;4.83529E-07;0.685613394
73;4.83277E-07;0.688190579
74;4.83029E-07;0.690653205
75;4.82816E-07;0.693005323
76;4.82618E-07;0.695251822
77;4.82447E-07;0.697397769
78;4.82256E-07;0.699448049
79;4.82111E-07;0.701407194
80;4.81977E-07;0.703312695
81;4.81839E-07;0.705152094
82;4.81715E-07;0.706927598
83;4.81636E-07;0.708641469
84;4.81546E-07;0.710295856
85;4.81426E-07;0.711892188
86;4.81351E-07;0.713432491
87;4.813E-07;0.71491909
88;4.81236E-07;0.716354191
89;4.81176E-07;0.717739046
90;4.81105E-07;0.719096363
91;4.81072E-07;0.720417798
92;4.81046E-07;0.721704125
93;4.81003E-07;0.7229563
94;4.80965E-07;0.724175632
95;4.80937E-07;0.72536248
96;4.80931E-07;0.726517856
97;4.80917E-07;0.727642655
98;4.80912E-07;0.728737712
99;4.80904E-07;0.729803264
100;4.80914E-07;0.730840504
101;4.8093E-07;0.731850088
102;4.80942E-07;0.732832611
103;4.80968E-07;0.733788908
104;4.80993E-07;0.734729528
105;4.81023E-07;0.735651731
106;4.81069E-07;0.736555696
107;4.81105E-07;0.737441957
108;4.81152E-07;0.738310754
109;4.81206E-07;0.739162445
110;4.81259E-07;0.739997327
111;4.81313E-07;0.740815818
112;4.8137E-07;0.741618216
113;4.81429E-07;0.742404819
114;4.81488E-07;0.743176043
115;4.81551E-07;0.743932068
116;4.81622E-07;0.744673312
117;4.81697E-07;0.745399833
118;4.8178E-07;0.746112287
119;4.81858E-07;0.746810496
120;4.81932E-07;0.747494459
121;4.82017E-07;0.748164713
122;4.82096E-07;0.748821795
123;4.82183E-07;0.749465764
124;4.82277E-07;0.750096977
125;5.06619E-07;0.750719786
126;1.53122E-06;0.751343071
127;8.90088E-06;0.751957476
128;5.71155E-05;0.752563
129;0.000171484;0.753159881
130;0.000409156;0.753748119
131;0.000860395;0.754327953
132;0.001821138;0.754899502
133;0.003592495;0.755462825
134;0.006348141;0.756018043
135;0.010651246;0.756565332
136;0.016933728;0.757104814
137;0.025241276;0.757636487
138;0.036056805;0.758160591
139;0.049233682;0.758677185
140;0.064735435;0.759186327
141;0.082472727;0.759688199
142;0.102283031;0.760182858
143;0.123785332;0.760670483
144;0.146854714;0.761151135
145;0.17080757;0.761624873
146;0.194090799;0.762091756
147;0.21591796;0.762552023
148;0.235286236;0.763005674
149;0.250861287;0.763452828
150;0.264204055;0.763893604
151;0.276130766;0.764328063
152;0.286308646;0.764756322
153;0.295584887;0.765178442
154;0.305011719;0.765594363
155;0.315717399;0.766004324
156;0.328228503;0.766408324
157;0.34197858;0.766806483
158;0.356770277;0.767199576
159;0.371695757;0.767588794
160;0.385959685;0.767974198
161;0.400045753;0.768355846
162;0.41317299;0.76873368
163;0.426011503;0.769107819
164;0.43818897;0.769478261
165;0.449898154;0.769845068
166;0.460961849;0.77020824
167;0.470950663;0.770567834
168;0.480390072;0.770923913
169;0.488851607;0.771276534
170;0.496608436;0.771625698
171;0.50343436;0.771971405
172;0.509747088;0.772313714
173;0.515438795;0.772652626
174;0.520529389;0.77298826
175;0.525234401;0.773320556
176;0.529438436;0.773649573
177;0.533220172;0.773975372
178;0.536592245;0.774298012
179;0.5397771;0.774617434
180;0.542670965;0.774933755
181;0.545324206;0.775246918
182;0.547733963;0.775557041
183;0.549942136;0.775864124
184;0.551959217;0.776168168
185;0.553891718;0.776469231
186;0.555705607;0.776767373
187;0.557403147;0.777062595
188;0.558968961;0.777354836
189;0.56042999;0.777644277
190;0.561795652;0.777930856
191;0.563074827;0.778214633
192;0.564279795;0.77849561
193;0.565414608;0.778773785
194;0.566489339;0.779049277
195;0.567511499;0.779322088
196;0.568507195;0.779592156
197;0.569484174;0.779859662
198;0.570419252;0.780124485
199;0.571339905;0.780386686
200;0.572222769;0.780646384
201;0.573094308;0.780903459
202;0.573931634;0.78115809
203;0.574655414;0.781410158
204;0.575470865;0.781659782
205;0.576175332;0.781906962
206;0.576964676;0.782151699
207;0.577646077;0.782393992
208;0.578448057;0.78263396
209;0.579112768;0.782871485
210;0.579879344;0.783106685
211;0.580503404;0.78333956
212;0.581225574;0.78357017
213;0.581818342;0.783799291
214;0.582508743;0.784026921
215;0.58317703;0.78425318
216;0.583826602;0.784477949
217;0.584471881;0.784701288
218;0.585116684;0.784923136
219;0.585757673;0.785143614
220;0.586400986;0.78536272
221;0.587039351;0.785580397
222;0.587678492;0.785796642
223;0.588311553;0.786011517
224;0.588941574;0.78622508
225;0.58956778;0.786437213
226;0.590189397;0.786647975
227;0.59080559;0.786857486
228;0.591415703;0.787065566
229;0.592019141;0.787272394
230;0.592615306;0.787477851
231;0.593203962;0.787681997
232;0.593783379;0.787884891
233;0.594352782;0.788086474
234;0.594911814;0.788286746
235;0.595460653;0.788485765
236;0.595999599;0.788683474
237;0.596529126;0.788879931
238;0.597045243;0.789075136
239;0.597544432;0.78926909
240;0.598029912;0.789461792
241;0.598504245;0.789653242
242;0.598969758;0.7898435
243;0.599428117;0.790032566
244;0.599880815;0.79022038
245;0.600329041;0.790407062
246;0.600780725;0.790592492
247;0.601238191;0.790776789
248;0.601700664;0.790959895
249;0.602167666;0.791141808
250;0.602638364;0.791322589
251;0.6031124;0.791502178
252;0.603588939;0.791680694
253;0.604067445;0.791858017
254;0.604547441;0.792034209
255;0.605028331;0.792209268
256;0.605509758;0.792383194
257;0.605991066;0.792556047
258;0.606471658;0.792727768
259;0.606951118;0.792898417
260;0.607428849;0.793067932
261;0.607904255;0.793236375
262;0.608376861;0.793403804
263;0.608846188;0.793570101
264;0.609311759;0.793735385
265;0.609773457;0.793899596
266;0.610230863;0.794062734
267;0.610682964;0.794224858
268;0.611129224;0.79438597
269;0.611569166;0.794546008
270;0.612002671;0.794705093
271;0.612429798;0.794863105
272;0.612850726;0.795020163
273;0.613265574;0.795176148
274;0.6136747;0.79533118
275;0.614071488;0.795485199
276;0.614457905;0.795638263
277;0.614835501;0.795790315
278;0.615205824;0.795941412
279;0.615570128;0.796091557
280;0.615929484;0.796240687
281;0.616284728;0.796388924
282;0.616636693;0.796536207
283;0.616985917;0.796682537
284;0.617339134;0.796827912
285;0.617696643;0.796972394
286;0.618058145;0.797115982
287;0.618423224;0.797258615
288;0.618791521;0.797400355
289;0.619162798;0.797541142
290;0.619536579;0.797681093
291;0.619912684;0.797820151
292;0.620290697;0.797958314
293;0.620670378;0.798095584
294;0.621051431;0.798231959
295;0.621433556;0.798367441
296;0.621816337;0.798502147
297;0.622199595;0.7986359
298;0.622582972;0.798768878
299;0.62296617;0.798900962
300;0.623348892;0.799032211
301;0.623730898;0.799162626
302;0.624111772;0.799292207
303;0.624491274;0.799420953
304;0.624869049;0.799548864
305;0.625244856;0.799676001
306;0.625618339;0.799802244
307;0.625989318;0.799927711
308;0.626357555;0.800052404
309;0.626722932;0.800176382
310;0.627085328;0.800299942
311;0.627444148;0.800422966
312;0.627799034;0.800545573
313;0.628149629;0.800667644
314;0.628495753;0.800789297
315;0.628837347;0.800910413
316;0.629174411;0.801031113
317;0.629507005;0.801151335
318;0.629835248;0.801271141
319;0.630159318;0.801390409
320;0.630479336;0.801509261
321;0.63079083;0.801627576
322;0.631094873;0.801745534
323;0.63139236;0.801862955
324;0.631684363;0.801979959
325;0.631971478;0.802096546
326;0.632254481;0.802212596
327;0.632533908;0.802328289
328;0.632810414;0.802443445
329;0.633084476;0.802558243
330;0.633356452;0.802672505
331;0.633627117;0.80278641
332;0.633901;0.802899837
333;0.634177983;0.803012848
334;0.634457886;0.803125381
335;0.634740412;0.803237557
336;0.635025561;0.803349197
337;0.635313034;0.803460479
338;0.635602653;0.803571284
339;0.635894239;0.803681731
340;0.636187732;0.803791702
341;0.636482835;0.803901255
342;0.636779428;0.804010391
343;0.637077332;0.804119051
344;0.637376428;0.804227352
345;0.637676477;0.804335237
346;0.637977362;0.804442704
347;0.638278961;0.804549694
348;0.638580978;0.804656327
349;0.638883293;0.804762542
350;0.639185727;0.80486834
351;0.639488101;0.804973722
352;0.639790297;0.805078685
353;0.640092134;0.805183232
354;0.640393436;0.805287421
355;0.640694082;0.805391192
356;0.640993834;0.805494547
357;0.641292632;0.805597484
358;0.641590178;0.805700064
359;0.641886413;0.805802226
360;0.642181098;0.805903971
361;0.642474055;0.806005359
362;0.642765284;0.806106329
363;0.643054545;0.806206942
364;0.64334178;0.806307137
365;0.643621564;0.806402564
396;0.650793433;0.809118927
424;0.656957388;0.811390579
455;0.662921429;0.813668787
485;0.668521523;0.815655291
516;0.673777342;0.817486167
546;0.678497374;0.819165826
577;0.682720542;0.82079035
608;0.686589062;0.822291493
638;0.690409422;0.823622644
669;0.69425261;0.824957848
699;0.697360992;0.826136172
730;0.700213432;0.827318788