DEPTH;PRESSURE;TIME_INDEX;DATES
400.0;40.0001;0;01.Jan.2022
400.5;40.00025;0;01.Jan.2022
401.0;40.00039;0;01.Jan.2022
401.5;40.00054;0;01.Jan.2022
402.0;40.00069;0;01.Jan.2022
402.5;40.00084;0;01.Jan.2022
403.0;40.00099;0;01.Jan.2022
403.5;40.00114;0;01.Jan.2022
404.0;40.00129;0;01.Jan.2022
404.5;40.00144;0;01.Jan.2022
405.0;40.00159;0;01.Jan.2022
405.5;40.00174;0;01.Jan.2022
406.0;40.0019;0;01.Jan.2022
406.5;40.00204;0;01.Jan.2022
407.0;40.0022;0;01.Jan.2022
407.5;40.00235;0;01.Jan.2022
408.0;40.0025;0;01.Jan.2022
408.5;40.00265;0;01.Jan.2022
409.0;40.0028;0;01.Jan.2022
409.5;40.00296;0;01.Jan.2022
410.0;40.00311;0;01.Jan.2022
410.5;40.00326;0;01.Jan.2022
411.0;40.00341;0;01.Jan.2022
411.5;40.00356;0;01.Jan.2022
412.0;40.00371;0;01.Jan.2022
412.5;40.00386;0;01.Jan.2022
413.0;40.00402;0;01.Jan.2022
413.5;40.00417;0;01.Jan.2022
414.0;40.00432;0;01.Jan.2022
414.5;40.00447;0;01.Jan.2022
415.0;40.00462;0;01.Jan.2022
415.5;40.00477;0;01.Jan.2022
416.0;40.00492;0;01.Jan.2022
416.5;40.00508;0;01.Jan.2022
417.0;40.00523;0;01.Jan.2022
417.5;40.00538;0;01.Jan.2022
418.0;40.00553;0;01.Jan.2022
418.5;40.00568;0;01.Jan.2022
419.0;40.00583;0;01.Jan.2022
419.5;40.00599;0;01.Jan.2022
420.0;40.00614;0;01.Jan.2022
420.5;40.00629;0;01.Jan.2022
421.0;40.00644;0;01.Jan.2022
421.5;40.00659;0;01.Jan.2022
422.0;40.00674;0;01.Jan.2022
422.5;40.00689;0;01.Jan.2022
423.0;40.00705;0;01.Jan.2022
423.5;40.0072;0;01.Jan.2022
424.0;40.00735;0;01.Jan.2022
424.5;40.0075;0;01.Jan.2022
425.0;40.00765;0;01.Jan.2022
425.5;40.0078;0;01.Jan.2022
426.0;40.00795;0;01.Jan.2022
426.5;40.00811;0;01.Jan.2022
427.0;40.00826;0;01.Jan.2022
427.5;40.00841;0;01.Jan.2022
428.0;40.00856;0;01.Jan.2022
428.5;40.00871;0;01.Jan.2022
429.0;40.00887;0;01.Jan.2022
429.5;40.00901;0;01.Jan.2022
430.0;40.00917;0;01.Jan.2022
430.5;40.00932;0;01.Jan.2022
431.0;40.00947;0;01.Jan.2022
431.5;40.00962;0;01.Jan.2022
432.0;40.00977;0;01.Jan.2022
432.5;40.00993;0;01.Jan.2022
433.0;40.01007;0;01.Jan.2022
433.5;40.01023;0;01.Jan.2022
434.0;40.01038;0;01.Jan.2022
434.5;40.01053;0;01.Jan.2022
435.0;40.01068;0;01.Jan.2022
435.5;40.01083;0;01.Jan.2022
436.0;40.01098;0;01.Jan.2022
436.5;40.01114;0;01.Jan.2022
437.0;40.01128;0;01.Jan.2022
437.5;40.01144;0;01.Jan.2022
438.0;40.01159;0;01.Jan.2022
438.5;40.01174;0;01.Jan.2022
439.0;40.01189;0;01.Jan.2022
439.5;40.01204;0;01.Jan.2022
440.0;40.01218;0;01.Jan.2022
440.5;40.01233;0;01.Jan.2022
441.0;40.01248;0;01.Jan.2022
441.5;40.01263;0;01.Jan.2022
442.0;40.01277;0;01.Jan.2022
442.5;40.01291;0;01.Jan.2022
443.0;40.01305;0;01.Jan.2022
443.5;40.01319;0;01.Jan.2022
444.0;40.01332;0;01.Jan.2022
444.5;40.01344;0;01.Jan.2022
445.0;40.01356;0;01.Jan.2022
445.5;40.01366;0;01.Jan.2022
446.0;40.01376;0;01.Jan.2022
446.5;40.01384;0;01.Jan.2022
447.0;40.01389;0;01.Jan.2022
447.5;40.01391;0;01.Jan.2022
448.0;40.0139;0;01.Jan.2022
448.5;40.01384;0;01.Jan.2022
449.0;40.01372;0;01.Jan.2022
449.5;40.01353;0;01.Jan.2022
450.0;40.01831;0;01.Jan.2022
450.5;40.01923;0;01.Jan.2022
451.0;40.02021;0;01.Jan.2022
451.5;40.02125;0;01.Jan.2022
452.0;40.02233;0;01.Jan.2022
452.5;40.02345;0;01.Jan.2022
453.0;40.02459;0;01.Jan.2022
453.5;40.02576;0;01.Jan.2022
454.0;40.02694;0;01.Jan.2022
454.5;40.02814;0;01.Jan.2022
455.0;40.02934;0;01.Jan.2022
455.5;40.03056;0;01.Jan.2022
456.0;40.03177;0;01.Jan.2022
456.5;40.033;0;01.Jan.2022
457.0;40.03422;0;01.Jan.2022
457.5;40.03545;0;01.Jan.2022
458.0;40.03668;0;01.Jan.2022
458.5;40.03791;0;01.Jan.2022
459.0;40.03915;0;01.Jan.2022
459.5;40.04038;0;01.Jan.2022
460.0;40.04162;0;01.Jan.2022
460.5;40.04285;0;01.Jan.2022
461.0;40.04409;0;01.Jan.2022
461.5;40.04533;0;01.Jan.2022
462.0;40.04656;0;01.Jan.2022
462.5;40.0478;0;01.Jan.2022
463.0;40.04903;0;01.Jan.2022
463.5;40.05027;0;01.Jan.2022
464.0;40.05151;0;01.Jan.2022
464.5;40.05275;0;01.Jan.2022
465.0;40.05399;0;01.Jan.2022
465.5;40.05522;0;01.Jan.2022
466.0;40.05646;0;01.Jan.2022
466.5;40.0577;0;01.Jan.2022
467.0;40.05894;0;01.Jan.2022
467.5;40.06017;0;01.Jan.2022
468.0;40.06141;0;01.Jan.2022
468.5;40.06265;0;01.Jan.2022
469.0;40.06388;0;01.Jan.2022
469.5;40.06512;0;01.Jan.2022
470.0;40.06636;0;01.Jan.2022
470.5;40.0676;0;01.Jan.2022
471.0;40.06884;0;01.Jan.2022
471.5;40.07007;0;01.Jan.2022
472.0;40.07131;0;01.Jan.2022
472.5;40.07255;0;01.Jan.2022
473.0;40.07379;0;01.Jan.2022
473.5;40.07502;0;01.Jan.2022
474.0;40.07626;0;01.Jan.2022
474.5;40.0775;0;01.Jan.2022
475.0;40.07874;0;01.Jan.2022
475.5;40.07998;0;01.Jan.2022
476.0;40.08121;0;01.Jan.2022
476.5;40.08245;0;01.Jan.2022
477.0;40.08369;0;01.Jan.2022
477.5;40.08493;0;01.Jan.2022
478.0;40.08616;0;01.Jan.2022
478.5;40.0874;0;01.Jan.2022
479.0;40.08864;0;01.Jan.2022
479.5;40.08987;0;01.Jan.2022
480.0;40.09111;0;01.Jan.2022
480.5;40.09235;0;01.Jan.2022
481.0;40.09359;0;01.Jan.2022
481.5;40.09483;0;01.Jan.2022
482.0;40.09607;0;01.Jan.2022
482.5;40.0973;0;01.Jan.2022
483.0;40.09854;0;01.Jan.2022
483.5;40.09978;0;01.Jan.2022
484.0;40.10101;0;01.Jan.2022
484.5;40.10225;0;01.Jan.2022
485.0;40.10349;0;01.Jan.2022
485.5;40.10473;0;01.Jan.2022
486.0;40.10596;0;01.Jan.2022
486.5;40.1072;0;01.Jan.2022
487.0;40.10844;0;01.Jan.2022
487.5;40.10968;0;01.Jan.2022
488.0;40.11092;0;01.Jan.2022
488.5;40.11215;0;01.Jan.2022
489.0;40.11339;0;01.Jan.2022
489.5;40.11463;0;01.Jan.2022
490.0;40.11587;0;01.Jan.2022
490.5;40.1171;0;01.Jan.2022
491.0;40.11834;0;01.Jan.2022
491.5;40.11958;0;01.Jan.2022
492.0;40.12082;0;01.Jan.2022
492.5;40.12206;0;01.Jan.2022
493.0;40.1233;0;01.Jan.2022
493.5;40.12454;0;01.Jan.2022
494.0;40.12578;0;01.Jan.2022
494.5;40.12702;0;01.Jan.2022
495.0;40.12826;0;01.Jan.2022
495.5;40.12951;0;01.Jan.2022
496.0;40.13075;0;01.Jan.2022
496.5;40.132;0;01.Jan.2022
497.0;40.13325;0;01.Jan.2022
497.5;40.1345;0;01.Jan.2022
498.0;40.13576;0;01.Jan.2022
498.5;40.13703;0;01.Jan.2022
499.0;40.1383;0;01.Jan.2022
499.5;40.13958;0;01.Jan.2022
400.0;39.99689;1;04.Jan.2022
400.5;39.99704;1;04.Jan.2022
401.0;39.99718;1;04.Jan.2022
401.5;39.99732;1;04.Jan.2022
402.0;39.99747;1;04.Jan.2022
402.5;39.99761;1;04.Jan.2022
403.0;39.99775;1;04.Jan.2022
403.5;39.9979;1;04.Jan.2022
404.0;39.99804;1;04.Jan.2022
404.5;39.99818;1;04.Jan.2022
405.0;39.99833;1;04.Jan.2022
405.5;39.99847;1;04.Jan.2022
406.0;39.99862;1;04.Jan.2022
406.5;39.99876;1;04.Jan.2022
407.0;39.99891;1;04.Jan.2022
407.5;39.99905;1;04.Jan.2022
408.0;39.9992;1;04.Jan.2022
408.5;39.99934;1;04.Jan.2022
409.0;39.99948;1;04.Jan.2022
409.5;39.99963;1;04.Jan.2022
410.0;39.99977;1;04.Jan.2022
410.5;39.99991;1;04.Jan.2022
411.0;40.00006;1;04.Jan.2022
411.5;40.0002;1;04.Jan.2022
412.0;40.00035;1;04.Jan.2022
412.5;40.00049;1;04.Jan.2022
413.0;40.00063;1;04.Jan.2022
413.5;40.00078;1;04.Jan.2022
414.0;40.00092;1;04.Jan.2022
414.5;40.00106;1;04.Jan.2022
415.0;40.00121;1;04.Jan.2022
415.5;40.00135;1;04.Jan.2022
416.0;40.0015;1;04.Jan.2022
416.5;40.00164;1;04.Jan.2022
417.0;40.00179;1;04.Jan.2022
417.5;40.00193;1;04.Jan.2022
418.0;40.00208;1;04.Jan.2022
418.5;40.00222;1;04.Jan.2022
419.0;40.00236;1;04.Jan.2022
419.5;40.00251;1;04.Jan.2022
420.0;40.00265;1;04.Jan.2022
420.5;40.0028;1;04.Jan.2022
421.0;40.00294;1;04.Jan.2022
421.5;40.00308;1;04.Jan.2022
422.0;40.00323;1;04.Jan.2022
422.5;40.00337;1;04.Jan.2022
423.0;40.00352;1;04.Jan.2022
423.5;40.00366;1;04.Jan.2022
424.0;40.00381;1;04.Jan.2022
424.5;40.00395;1;04.Jan.2022
425.0;40.0041;1;04.Jan.2022
425.5;40.00424;1;04.Jan.2022
426.0;40.00439;1;04.Jan.2022
426.5;40.00454;1;04.Jan.2022
427.0;40.00468;1;04.Jan.2022
427.5;40.00483;1;04.Jan.2022
428.0;40.00497;1;04.Jan.2022
428.5;40.00512;1;04.Jan.2022
429.0;40.00527;1;04.Jan.2022
429.5;40.00542;1;04.Jan.2022
430.0;40.00557;1;04.Jan.2022
430.5;40.00572;1;04.Jan.2022
431.0;40.00587;1;04.Jan.2022
431.5;40.00603;1;04.Jan.2022
432.0;40.00618;1;04.Jan.2022
432.5;40.00634;1;04.Jan.2022
433.0;40.0065;1;04.Jan.2022
433.5;40.00666;1;04.Jan.2022
434.0;40.00682;1;04.Jan.2022
434.5;40.00699;1;04.Jan.2022
435.0;40.00716;1;04.Jan.2022
435.5;40.00734;1;04.Jan.2022
436.0;40.00751;1;04.Jan.2022
436.5;40.0077;1;04.Jan.2022
437.0;40.00789;1;04.Jan.2022
437.5;40.00809;1;04.Jan.2022
438.0;40.00829;1;04.Jan.2022
438.5;40.00851;1;04.Jan.2022
439.0;40.00873;1;04.Jan.2022
439.5;40.00896;1;04.Jan.2022
440.0;40.00921;1;04.Jan.2022
440.5;40.00948;1;04.Jan.2022
441.0;40.00975;1;04.Jan.2022
441.5;40.01005;1;04.Jan.2022
442.0;40.01037;1;04.Jan.2022
442.5;40.01071;1;04.Jan.2022
443.0;40.01107;1;04.Jan.2022
443.5;40.01146;1;04.Jan.2022
444.0;40.01188;1;04.Jan.2022
444.5;40.01233;1;04.Jan.2022
445.0;40.01281;1;04.Jan.2022
445.5;40.01332;1;04.Jan.2022
446.0;40.01388;1;04.Jan.2022
446.5;40.01448;1;04.Jan.2022
447.0;40.01512;1;04.Jan.2022
447.5;40.0158;1;04.Jan.2022
448.0;40.01652;1;04.Jan.2022
448.5;40.01729;1;04.Jan.2022
449.0;40.0181;1;04.Jan.2022
449.5;40.01895;1;04.Jan.2022
450.0;40.01984;1;04.Jan.2022
450.5;40.02077;1;04.Jan.2022
451.0;40.02173;1;04.Jan.2022
451.5;40.02273;1;04.Jan.2022
452.0;40.02376;1;04.Jan.2022
452.5;40.02482;1;04.Jan.2022
453.0;40.0259;1;04.Jan.2022
453.5;40.027;1;04.Jan.2022
454.0;40.02813;1;04.Jan.2022
454.5;40.02928;1;04.Jan.2022
455.0;40.03045;1;04.Jan.2022
455.5;40.03162;1;04.Jan.2022
456.0;40.03282;1;04.Jan.2022
456.5;40.03402;1;04.Jan.2022
457.0;40.03524;1;04.Jan.2022
457.5;40.03646;1;04.Jan.2022
458.0;40.0377;1;04.Jan.2022
458.5;40.03894;1;04.Jan.2022
459.0;40.04019;1;04.Jan.2022
459.5;40.04145;1;04.Jan.2022
460.0;40.04271;1;04.Jan.2022
460.5;40.04397;1;04.Jan.2022
461.0;40.04524;1;04.Jan.2022
461.5;40.04651;1;04.Jan.2022
462.0;40.04779;1;04.Jan.2022
462.5;40.04906;1;04.Jan.2022
463.0;40.05034;1;04.Jan.2022
463.5;40.05162;1;04.Jan.2022
464.0;40.05291;1;04.Jan.2022
464.5;40.05419;1;04.Jan.2022
465.0;40.05548;1;04.Jan.2022
465.5;40.05677;1;04.Jan.2022
466.0;40.05806;1;04.Jan.2022
466.5;40.05935;1;04.Jan.2022
467.0;40.06063;1;04.Jan.2022
467.5;40.06192;1;04.Jan.2022
468.0;40.06322;1;04.Jan.2022
468.5;40.06451;1;04.Jan.2022
469.0;40.0658;1;04.Jan.2022
469.5;40.06709;1;04.Jan.2022
470.0;40.06839;1;04.Jan.2022
470.5;40.06968;1;04.Jan.2022
471.0;40.07098;1;04.Jan.2022
471.5;40.07227;1;04.Jan.2022
472.0;40.07356;1;04.Jan.2022
472.5;40.07486;1;04.Jan.2022
473.0;40.07615;1;04.Jan.2022
473.5;40.07745;1;04.Jan.2022
474.0;40.07874;1;04.Jan.2022
474.5;40.08004;1;04.Jan.2022
475.0;40.08133;1;04.Jan.2022
475.5;40.08263;1;04.Jan.2022
476.0;40.08392;1;04.Jan.2022
476.5;40.08522;1;04.Jan.2022
477.0;40.08651;1;04.Jan.2022
477.5;40.08781;1;04.Jan.2022
478.0;40.0891;1;04.Jan.2022
478.5;40.0904;1;04.Jan.2022
479.0;40.09169;1;04.Jan.2022
479.5;40.09299;1;04.Jan.2022
480.0;40.09428;1;04.Jan.2022
480.5;40.09558;1;04.Jan.2022
481.0;40.09687;1;04.Jan.2022
481.5;40.09817;1;04.Jan.2022
482.0;40.09946;1;04.Jan.2022
482.5;40.10076;1;04.Jan.2022
483.0;40.10206;1;04.Jan.2022
483.5;40.10336;1;04.Jan.2022
484.0;40.10465;1;04.Jan.2022
484.5;40.10595;1;04.Jan.2022
485.0;40.10724;1;04.Jan.2022
485.5;40.10854;1;04.Jan.2022
486.0;40.10983;1;04.Jan.2022
486.5;40.11113;1;04.Jan.2022
487.0;40.11243;1;04.Jan.2022
487.5;40.11372;1;04.Jan.2022
488.0;40.11502;1;04.Jan.2022
488.5;40.11631;1;04.Jan.2022
489.0;40.11761;1;04.Jan.2022
489.5;40.11891;1;04.Jan.2022
490.0;40.1202;1;04.Jan.2022
490.5;40.1215;1;04.Jan.2022
491.0;40.1228;1;04.Jan.2022
491.5;40.1241;1;04.Jan.2022
492.0;40.12539;1;04.Jan.2022
492.5;40.12669;1;04.Jan.2022
493.0;40.12799;1;04.Jan.2022
493.5;40.12928;1;04.Jan.2022
494.0;40.13058;1;04.Jan.2022
494.5;40.13187;1;04.Jan.2022
495.0;40.13317;1;04.Jan.2022
495.5;40.13447;1;04.Jan.2022
496.0;40.13577;1;04.Jan.2022
496.5;40.13706;1;04.Jan.2022
497.0;40.13836;1;04.Jan.2022
497.5;40.13966;1;04.Jan.2022
498.0;40.14095;1;04.Jan.2022
498.5;40.14225;1;04.Jan.2022
499.0;40.14355;1;04.Jan.2022
499.5;40.14485;1;04.Jan.2022
400.0;39.99306;2;31.Jan.2022
400.5;39.99323;2;31.Jan.2022
401.0;39.99339;2;31.Jan.2022
401.5;39.99355;2;31.Jan.2022
402.0;39.99372;2;31.Jan.2022
402.5;39.99389;2;31.Jan.2022
403.0;39.99405;2;31.Jan.2022
403.5;39.99422;2;31.Jan.2022
404.0;39.99439;2;31.Jan.2022
404.5;39.99456;2;31.Jan.2022
405.0;39.99472;2;31.Jan.2022
405.5;39.9949;2;31.Jan.2022
406.0;39.99507;2;31.Jan.2022
406.5;39.99524;2;31.Jan.2022
407.0;39.99541;2;31.Jan.2022
407.5;39.99559;2;31.Jan.2022
408.0;39.99576;2;31.Jan.2022
408.5;39.99594;2;31.Jan.2022
409.0;39.99612;2;31.Jan.2022
409.5;39.9963;2;31.Jan.2022
410.0;39.99648;2;31.Jan.2022
410.5;39.99666;2;31.Jan.2022
411.0;39.99684;2;31.Jan.2022
411.5;39.99702;2;31.Jan.2022
412.0;39.99721;2;31.Jan.2022
412.5;39.9974;2;31.Jan.2022
413.0;39.99759;2;31.Jan.2022
413.5;39.99779;2;31.Jan.2022
414.0;39.99798;2;31.Jan.2022
414.5;39.99818;2;31.Jan.2022
415.0;39.99838;2;31.Jan.2022
415.5;39.99858;2;31.Jan.2022
416.0;39.99878;2;31.Jan.2022
416.5;39.99899;2;31.Jan.2022
417.0;39.9992;2;31.Jan.2022
417.5;39.99942;2;31.Jan.2022
418.0;39.99963;2;31.Jan.2022
418.5;39.99985;2;31.Jan.2022
419.0;40.00007;2;31.Jan.2022
419.5;40.0003;2;31.Jan.2022
420.0;40.00053;2;31.Jan.2022
420.5;40.00076;2;31.Jan.2022
421.0;40.001;2;31.Jan.2022
421.5;40.00124;2;31.Jan.2022
422.0;40.00148;2;31.Jan.2022
422.5;40.00173;2;31.Jan.2022
423.0;40.00199;2;31.Jan.2022
423.5;40.00224;2;31.Jan.2022
424.0;40.00251;2;31.Jan.2022
424.5;40.00277;2;31.Jan.2022
425.0;40.00305;2;31.Jan.2022
425.5;40.00333;2;31.Jan.2022
426.0;40.00361;2;31.Jan.2022
426.5;40.0039;2;31.Jan.2022
427.0;40.0042;2;31.Jan.2022
427.5;40.0045;2;31.Jan.2022
428.0;40.00481;2;31.Jan.2022
428.5;40.00512;2;31.Jan.2022
429.0;40.00544;2;31.Jan.2022
429.5;40.00577;2;31.Jan.2022
430.0;40.0061;2;31.Jan.2022
430.5;40.00645;2;31.Jan.2022
431.0;40.0068;2;31.Jan.2022
431.5;40.00715;2;31.Jan.2022
432.0;40.00752;2;31.Jan.2022
432.5;40.00789;2;31.Jan.2022
433.0;40.00827;2;31.Jan.2022
433.5;40.00867;2;31.Jan.2022
434.0;40.00907;2;31.Jan.2022
434.5;40.00948;2;31.Jan.2022
435.0;40.00989;2;31.Jan.2022
435.5;40.01032;2;31.Jan.2022
436.0;40.01076;2;31.Jan.2022
436.5;40.0112;2;31.Jan.2022
437.0;40.01166;2;31.Jan.2022
437.5;40.01213;2;31.Jan.2022
438.0;40.01261;2;31.Jan.2022
438.5;40.0131;2;31.Jan.2022
439.0;40.0136;2;31.Jan.2022
439.5;40.01411;2;31.Jan.2022
440.0;40.01463;2;31.Jan.2022
440.5;40.01516;2;31.Jan.2022
441.0;40.01571;2;31.Jan.2022
441.5;40.01626;2;31.Jan.2022
442.0;40.01683;2;31.Jan.2022
442.5;40.01741;2;31.Jan.2022
443.0;40.01801;2;31.Jan.2022
443.5;40.01861;2;31.Jan.2022
444.0;40.01923;2;31.Jan.2022
444.5;40.01986;2;31.Jan.2022
445.0;40.0205;2;31.Jan.2022
445.5;40.02116;2;31.Jan.2022
446.0;40.02182;2;31.Jan.2022
446.5;40.02251;2;31.Jan.2022
447.0;40.0232;2;31.Jan.2022
447.5;40.02391;2;31.Jan.2022
448.0;40.02463;2;31.Jan.2022
448.5;40.02536;2;31.Jan.2022
449.0;40.0261;2;31.Jan.2022
449.5;40.02686;2;31.Jan.2022
450.0;40.02763;2;31.Jan.2022
450.5;40.02842;2;31.Jan.2022
451.0;40.02922;2;31.Jan.2022
451.5;40.03003;2;31.Jan.2022
452.0;40.03085;2;31.Jan.2022
452.5;40.03168;2;31.Jan.2022
453.0;40.03253;2;31.Jan.2022
453.5;40.03339;2;31.Jan.2022
454.0;40.03426;2;31.Jan.2022
454.5;40.03514;2;31.Jan.2022
455.0;40.03604;2;31.Jan.2022
455.5;40.03695;2;31.Jan.2022
456.0;40.03786;2;31.Jan.2022
456.5;40.03879;2;31.Jan.2022
457.0;40.03973;2;31.Jan.2022
457.5;40.04068;2;31.Jan.2022
458.0;40.04165;2;31.Jan.2022
458.5;40.04262;2;31.Jan.2022
459.0;40.0436;2;31.Jan.2022
459.5;40.0446;2;31.Jan.2022
460.0;40.0456;2;31.Jan.2022
460.5;40.04661;2;31.Jan.2022
461.0;40.04764;2;31.Jan.2022
461.5;40.04867;2;31.Jan.2022
462.0;40.04971;2;31.Jan.2022
462.5;40.05076;2;31.Jan.2022
463.0;40.05182;2;31.Jan.2022
463.5;40.05288;2;31.Jan.2022
464.0;40.05396;2;31.Jan.2022
464.5;40.05504;2;31.Jan.2022
465.0;40.05613;2;31.Jan.2022
465.5;40.05723;2;31.Jan.2022
466.0;40.05834;2;31.Jan.2022
466.5;40.05945;2;31.Jan.2022
467.0;40.06057;2;31.Jan.2022
467.5;40.0617;2;31.Jan.2022
468.0;40.06283;2;31.Jan.2022
468.5;40.06397;2;31.Jan.2022
469.0;40.06511;2;31.Jan.2022
469.5;40.06627;2;31.Jan.2022
470.0;40.06742;2;31.Jan.2022
470.5;40.06858;2;31.Jan.2022
471.0;40.06975;2;31.Jan.2022
471.5;40.07092;2;31.Jan.2022
472.0;40.0721;2;31.Jan.2022
472.5;40.07328;2;31.Jan.2022
473.0;40.07447;2;31.Jan.2022
473.5;40.07566;2;31.Jan.2022
474.0;40.07686;2;31.Jan.2022
474.5;40.07806;2;31.Jan.2022
475.0;40.07926;2;31.Jan.2022
475.5;40.08047;2;31.Jan.2022
476.0;40.08168;2;31.Jan.2022
476.5;40.0829;2;31.Jan.2022
477.0;40.08411;2;31.Jan.2022
477.5;40.08533;2;31.Jan.2022
478.0;40.08656;2;31.Jan.2022
478.5;40.08779;2;31.Jan.2022
479.0;40.08902;2;31.Jan.2022
479.5;40.09025;2;31.Jan.2022
480.0;40.09149;2;31.Jan.2022
480.5;40.09273;2;31.Jan.2022
481.0;40.09397;2;31.Jan.2022
481.5;40.09521;2;31.Jan.2022
482.0;40.09645;2;31.Jan.2022
482.5;40.0977;2;31.Jan.2022
483.0;40.09895;2;31.Jan.2022
483.5;40.1002;2;31.Jan.2022
484.0;40.10146;2;31.Jan.2022
484.5;40.10271;2;31.Jan.2022
485.0;40.10397;2;31.Jan.2022
485.5;40.10523;2;31.Jan.2022
486.0;40.10649;2;31.Jan.2022
486.5;40.10775;2;31.Jan.2022
487.0;40.10901;2;31.Jan.2022
487.5;40.11028;2;31.Jan.2022
488.0;40.11154;2;31.Jan.2022
488.5;40.11281;2;31.Jan.2022
489.0;40.11407;2;31.Jan.2022
489.5;40.11535;2;31.Jan.2022
490.0;40.11661;2;31.Jan.2022
490.5;40.11788;2;31.Jan.2022
491.0;40.11916;2;31.Jan.2022
491.5;40.12043;2;31.Jan.2022
492.0;40.1217;2;31.Jan.2022
492.5;40.12297;2;31.Jan.2022
493.0;40.12424;2;31.Jan.2022
493.5;40.12552;2;31.Jan.2022
494.0;40.1268;2;31.Jan.2022
494.5;40.12807;2;31.Jan.2022
495.0;40.12934;2;31.Jan.2022
495.5;40.13062;2;31.Jan.2022
496.0;40.1319;2;31.Jan.2022
496.5;40.13317;2;31.Jan.2022
497.0;40.13445;2;31.Jan.2022
497.5;40.13573;2;31.Jan.2022
498.0;40.13701;2;31.Jan.2022
498.5;40.13828;2;31.Jan.2022
499.0;40.13956;2;31.Jan.2022
499.5;40.14084;2;31.Jan.2022
400.0;39.97456;3;02.Jan.2023
400.5;39.97519;3;02.Jan.2023
401.0;39.97581;3;02.Jan.2023
401.5;39.97644;3;02.Jan.2023
402.0;39.97707;3;02.Jan.2023
402.5;39.9777;3;02.Jan.2023
403.0;39.97833;3;02.Jan.2023
403.5;39.97896;3;02.Jan.2023
404.0;39.97959;3;02.Jan.2023
404.5;39.98022;3;02.Jan.2023
405.0;39.98085;3;02.Jan.2023
405.5;39.98148;3;02.Jan.2023
406.0;39.98211;3;02.Jan.2023
406.5;39.98274;3;02.Jan.2023
407.0;39.98337;3;02.Jan.2023
407.5;39.984;3;02.Jan.2023
408.0;39.98463;3;02.Jan.2023
408.5;39.98527;3;02.Jan.2023
409.0;39.9859;3;02.Jan.2023
409.5;39.98653;3;02.Jan.2023
410.0;39.98717;3;02.Jan.2023
410.5;39.9878;3;02.Jan.2023
411.0;39.98844;3;02.Jan.2023
411.5;39.98907;3;02.Jan.2023
412.0;39.98971;3;02.Jan.2023
412.5;39.99035;3;02.Jan.2023
413.0;39.99099;3;02.Jan.2023
413.5;39.99162;3;02.Jan.2023
414.0;39.99226;3;02.Jan.2023
414.5;39.9929;3;02.Jan.2023
415.0;39.99354;3;02.Jan.2023
415.5;39.99418;3;02.Jan.2023
416.0;39.99483;3;02.Jan.2023
416.5;39.99547;3;02.Jan.2023
417.0;39.99611;3;02.Jan.2023
417.5;39.99676;3;02.Jan.2023
418.0;39.9974;3;02.Jan.2023
418.5;39.99805;3;02.Jan.2023
419.0;39.9987;3;02.Jan.2023
419.5;39.99934;3;02.Jan.2023
420.0;39.99999;3;02.Jan.2023
420.5;40.00064;3;02.Jan.2023
421.0;40.00129;3;02.Jan.2023
421.5;40.00195;3;02.Jan.2023
422.0;40.0026;3;02.Jan.2023
422.5;40.00325;3;02.Jan.2023
423.0;40.00391;3;02.Jan.2023
423.5;40.00456;3;02.Jan.2023
424.0;40.00522;3;02.Jan.2023
424.5;40.00587;3;02.Jan.2023
425.0;40.00653;3;02.Jan.2023
425.5;40.00719;3;02.Jan.2023
426.0;40.00786;3;02.Jan.2023
426.5;40.00852;3;02.Jan.2023
427.0;40.00918;3;02.Jan.2023
427.5;40.00985;3;02.Jan.2023
428.0;40.01051;3;02.Jan.2023
428.5;40.01118;3;02.Jan.2023
429.0;40.01185;3;02.Jan.2023
429.5;40.01252;3;02.Jan.2023
430.0;40.01319;3;02.Jan.2023
430.5;40.01386;3;02.Jan.2023
431.0;40.01453;3;02.Jan.2023
431.5;40.01521;3;02.Jan.2023
432.0;40.01588;3;02.Jan.2023
432.5;40.01656;3;02.Jan.2023
433.0;40.01723;3;02.Jan.2023
433.5;40.01791;3;02.Jan.2023
434.0;40.0186;3;02.Jan.2023
434.5;40.01928;3;02.Jan.2023
435.0;40.01996;3;02.Jan.2023
435.5;40.02065;3;02.Jan.2023
436.0;40.02133;3;02.Jan.2023
436.5;40.02202;3;02.Jan.2023
437.0;40.02271;3;02.Jan.2023
437.5;40.0234;3;02.Jan.2023
438.0;40.02409;3;02.Jan.2023
438.5;40.02478;3;02.Jan.2023
439.0;40.02547;3;02.Jan.2023
439.5;40.02617;3;02.Jan.2023
440.0;40.02687;3;02.Jan.2023
440.5;40.02757;3;02.Jan.2023
441.0;40.02826;3;02.Jan.2023
441.5;40.02896;3;02.Jan.2023
442.0;40.02967;3;02.Jan.2023
442.5;40.03037;3;02.Jan.2023
443.0;40.03107;3;02.Jan.2023
443.5;40.03178;3;02.Jan.2023
444.0;40.03249;3;02.Jan.2023
444.5;40.0332;3;02.Jan.2023
445.0;40.03391;3;02.Jan.2023
445.5;40.03462;3;02.Jan.2023
446.0;40.03534;3;02.Jan.2023
446.5;40.03605;3;02.Jan.2023
447.0;40.03677;3;02.Jan.2023
447.5;40.03749;3;02.Jan.2023
448.0;40.0382;3;02.Jan.2023
448.5;40.03893;3;02.Jan.2023
449.0;40.03965;3;02.Jan.2023
449.5;40.04037;3;02.Jan.2023
450.0;40.0411;3;02.Jan.2023
450.5;40.04182;3;02.Jan.2023
451.0;40.04255;3;02.Jan.2023
451.5;40.04328;3;02.Jan.2023
452.0;40.04401;3;02.Jan.2023
452.5;40.04474;3;02.Jan.2023
453.0;40.04548;3;02.Jan.2023
453.5;40.04622;3;02.Jan.2023
454.0;40.04695;3;02.Jan.2023
454.5;40.04769;3;02.Jan.2023
455.0;40.04843;3;02.Jan.2023
455.5;40.04917;3;02.Jan.2023
456.0;40.04991;3;02.Jan.2023
456.5;40.05066;3;02.Jan.2023
457.0;40.0514;3;02.Jan.2023
457.5;40.05214;3;02.Jan.2023
458.0;40.05289;3;02.Jan.2023
458.5;40.05364;3;02.Jan.2023
459.0;40.05439;3;02.Jan.2023
459.5;40.05515;3;02.Jan.2023
460.0;40.0559;3;02.Jan.2023
460.5;40.05665;3;02.Jan.2023
461.0;40.05741;3;02.Jan.2023
461.5;40.05816;3;02.Jan.2023
462.0;40.05892;3;02.Jan.2023
462.5;40.05968;3;02.Jan.2023
463.0;40.06044;3;02.Jan.2023
463.5;40.06121;3;02.Jan.2023
464.0;40.06197;3;02.Jan.2023
464.5;40.06273;3;02.Jan.2023
465.0;40.0635;3;02.Jan.2023
465.5;40.06427;3;02.Jan.2023
466.0;40.06504;3;02.Jan.2023
466.5;40.06581;3;02.Jan.2023
467.0;40.06658;3;02.Jan.2023
467.5;40.06735;3;02.Jan.2023
468.0;40.06812;3;02.Jan.2023
468.5;40.0689;3;02.Jan.2023
469.0;40.06967;3;02.Jan.2023
469.5;40.07045;3;02.Jan.2023
470.0;40.07123;3;02.Jan.2023
470.5;40.07201;3;02.Jan.2023
471.0;40.07278;3;02.Jan.2023
471.5;40.07357;3;02.Jan.2023
472.0;40.07435;3;02.Jan.2023
472.5;40.07513;3;02.Jan.2023
473.0;40.07592;3;02.Jan.2023
473.5;40.0767;3;02.Jan.2023
474.0;40.07749;3;02.Jan.2023
474.5;40.07827;3;02.Jan.2023
475.0;40.07906;3;02.Jan.2023
475.5;40.07985;3;02.Jan.2023
476.0;40.08064;3;02.Jan.2023
476.5;40.08143;3;02.Jan.2023
477.0;40.08223;3;02.Jan.2023
477.5;40.08302;3;02.Jan.2023
478.0;40.08381;3;02.Jan.2023
478.5;40.08461;3;02.Jan.2023
479.0;40.0854;3;02.Jan.2023
479.5;40.0862;3;02.Jan.2023
480.0;40.08699;3;02.Jan.2023
480.5;40.08779;3;02.Jan.2023
481.0;40.08859;3;02.Jan.2023
481.5;40.08939;3;02.Jan.2023
482.0;40.09019;3;02.Jan.2023
482.5;40.09099;3;02.Jan.2023
483.0;40.09179;3;02.Jan.2023
483.5;40.09259;3;02.Jan.2023
484.0;40.0934;3;02.Jan.2023
484.5;40.0942;3;02.Jan.2023
485.0;40.09501;3;02.Jan.2023
485.5;40.09581;3;02.Jan.2023
486.0;40.09661;3;02.Jan.2023
486.5;40.09742;3;02.Jan.2023
487.0;40.09822;3;02.Jan.2023
487.5;40.09903;3;02.Jan.2023
488.0;40.09984;3;02.Jan.2023
488.5;40.10065;3;02.Jan.2023
489.0;40.10146;3;02.Jan.2023
489.5;40.10226;3;02.Jan.2023
490.0;40.10307;3;02.Jan.2023
490.5;40.10388;3;02.Jan.2023
491.0;40.10469;3;02.Jan.2023
491.5;40.1055;3;02.Jan.2023
492.0;40.10631;3;02.Jan.2023
492.5;40.10712;3;02.Jan.2023
493.0;40.10793;3;02.Jan.2023
493.5;40.10874;3;02.Jan.2023
494.0;40.10955;3;02.Jan.2023
494.5;40.11036;3;02.Jan.2023
495.0;40.11118;3;02.Jan.2023
495.5;40.11198;3;02.Jan.2023
496.0;40.1128;3;02.Jan.2023
496.5;40.11361;3;02.Jan.2023
497.0;40.11442;3;02.Jan.2023
497.5;40.11523;3;02.Jan.2023
498.0;40.11604;3;02.Jan.2023
498.5;40.11686;3;02.Jan.2023
499.0;40.11767;3;02.Jan.2023
499.5;40.11848;3;02.Jan.2023
400.0;39.97131;4;02.Jan.2027
400.5;39.97203;4;02.Jan.2027
401.0;39.97275;4;02.Jan.2027
401.5;39.97347;4;02.Jan.2027
402.0;39.97419;4;02.Jan.2027
402.5;39.9749;4;02.Jan.2027
403.0;39.97562;4;02.Jan.2027
403.5;39.97634;4;02.Jan.2027
404.0;39.97706;4;02.Jan.2027
404.5;39.97778;4;02.Jan.2027
405.0;39.97849;4;02.Jan.2027
405.5;39.97921;4;02.Jan.2027
406.0;39.97993;4;02.Jan.2027
406.5;39.98064;4;02.Jan.2027
407.0;39.98137;4;02.Jan.2027
407.5;39.98208;4;02.Jan.2027
408.0;39.9828;4;02.Jan.2027
408.5;39.98352;4;02.Jan.2027
409.0;39.98423;4;02.Jan.2027
409.5;39.98495;4;02.Jan.2027
410.0;39.98567;4;02.Jan.2027
410.5;39.98639;4;02.Jan.2027
411.0;39.98711;4;02.Jan.2027
411.5;39.98783;4;02.Jan.2027
412.0;39.98854;4;02.Jan.2027
412.5;39.98926;4;02.Jan.2027
413.0;39.98998;4;02.Jan.2027
413.5;39.9907;4;02.Jan.2027
414.0;39.99142;4;02.Jan.2027
414.5;39.99213;4;02.Jan.2027
415.0;39.99285;4;02.Jan.2027
415.5;39.99357;4;02.Jan.2027
416.0;39.99429;4;02.Jan.2027
416.5;39.99501;4;02.Jan.2027
417.0;39.99572;4;02.Jan.2027
417.5;39.99644;4;02.Jan.2027
418.0;39.99716;4;02.Jan.2027
418.5;39.99788;4;02.Jan.2027
419.0;39.9986;4;02.Jan.2027
419.5;39.99932;4;02.Jan.2027
420.0;40.00003;4;02.Jan.2027
420.5;40.00076;4;02.Jan.2027
421.0;40.00147;4;02.Jan.2027
421.5;40.00219;4;02.Jan.2027
422.0;40.00291;4;02.Jan.2027
422.5;40.00363;4;02.Jan.2027
423.0;40.00434;4;02.Jan.2027
423.5;40.00507;4;02.Jan.2027
424.0;40.00578;4;02.Jan.2027
424.5;40.0065;4;02.Jan.2027
425.0;40.00722;4;02.Jan.2027
425.5;40.00794;4;02.Jan.2027
426.0;40.00866;4;02.Jan.2027
426.5;40.00938;4;02.Jan.2027
427.0;40.01009;4;02.Jan.2027
427.5;40.01081;4;02.Jan.2027
428.0;40.01153;4;02.Jan.2027
428.5;40.01225;4;02.Jan.2027
429.0;40.01297;4;02.Jan.2027
429.5;40.01369;4;02.Jan.2027
430.0;40.01441;4;02.Jan.2027
430.5;40.01513;4;02.Jan.2027
431.0;40.01584;4;02.Jan.2027
431.5;40.01656;4;02.Jan.2027
432.0;40.01728;4;02.Jan.2027
432.5;40.018;4;02.Jan.2027
433.0;40.01872;4;02.Jan.2027
433.5;40.01944;4;02.Jan.2027
434.0;40.02016;4;02.Jan.2027
434.5;40.02088;4;02.Jan.2027
435.0;40.0216;4;02.Jan.2027
435.5;40.02232;4;02.Jan.2027
436.0;40.02303;4;02.Jan.2027
436.5;40.02375;4;02.Jan.2027
437.0;40.02447;4;02.Jan.2027
437.5;40.02519;4;02.Jan.2027
438.0;40.02591;4;02.Jan.2027
438.5;40.02663;4;02.Jan.2027
439.0;40.02735;4;02.Jan.2027
439.5;40.02807;4;02.Jan.2027
440.0;40.02879;4;02.Jan.2027
440.5;40.02951;4;02.Jan.2027
441.0;40.03022;4;02.Jan.2027
441.5;40.03094;4;02.Jan.2027
442.0;40.03166;4;02.Jan.2027
442.5;40.03238;4;02.Jan.2027
443.0;40.0331;4;02.Jan.2027
443.5;40.03382;4;02.Jan.2027
444.0;40.03454;4;02.Jan.2027
444.5;40.03526;4;02.Jan.2027
445.0;40.03598;4;02.Jan.2027
445.5;40.0367;4;02.Jan.2027
446.0;40.03742;4;02.Jan.2027
446.5;40.03814;4;02.Jan.2027
447.0;40.03886;4;02.Jan.2027
447.5;40.03958;4;02.Jan.2027
448.0;40.04029;4;02.Jan.2027
448.5;40.04102;4;02.Jan.2027
449.0;40.04174;4;02.Jan.2027
449.5;40.04245;4;02.Jan.2027
450.0;40.04317;4;02.Jan.2027
450.5;40.0439;4;02.Jan.2027
451.0;40.04461;4;02.Jan.2027
451.5;40.04533;4;02.Jan.2027
452.0;40.04605;4;02.Jan.2027
452.5;40.04677;4;02.Jan.2027
453.0;40.04749;4;02.Jan.2027
453.5;40.04821;4;02.Jan.2027
454.0;40.04893;4;02.Jan.2027
454.5;40.04965;4;02.Jan.2027
455.0;40.05037;4;02.Jan.2027
455.5;40.05109;4;02.Jan.2027
456.0;40.05181;4;02.Jan.2027
456.5;40.05253;4;02.Jan.2027
457.0;40.05325;4;02.Jan.2027
457.5;40.05397;4;02.Jan.2027
458.0;40.05469;4;02.Jan.2027
458.5;40.05541;4;02.Jan.2027
459.0;40.05613;4;02.Jan.2027
459.5;40.05685;4;02.Jan.2027
460.0;40.05757;4;02.Jan.2027
460.5;40.05829;4;02.Jan.2027
461.0;40.05901;4;02.Jan.2027
461.5;40.05973;4;02.Jan.2027
462.0;40.06045;4;02.Jan.2027
462.5;40.06117;4;02.Jan.2027
463.0;40.06189;4;02.Jan.2027
463.5;40.06261;4;02.Jan.2027
464.0;40.06333;4;02.Jan.2027
464.5;40.06405;4;02.Jan.2027
465.0;40.06477;4;02.Jan.2027
465.5;40.06549;4;02.Jan.2027
466.0;40.06622;4;02.Jan.2027
466.5;40.06693;4;02.Jan.2027
467.0;40.06765;4;02.Jan.2027
467.5;40.06837;4;02.Jan.2027
468.0;40.0691;4;02.Jan.2027
468.5;40.06982;4;02.Jan.2027
469.0;40.07054;4;02.Jan.2027
469.5;40.07126;4;02.Jan.2027
470.0;40.07198;4;02.Jan.2027
470.5;40.0727;4;02.Jan.2027
471.0;40.07342;4;02.Jan.2027
471.5;40.07414;4;02.Jan.2027
472.0;40.07486;4;02.Jan.2027
472.5;40.07558;4;02.Jan.2027
473.0;40.0763;4;02.Jan.2027
473.5;40.07702;4;02.Jan.2027
474.0;40.07774;4;02.Jan.2027
474.5;40.07846;4;02.Jan.2027
475.0;40.07918;4;02.Jan.2027
475.5;40.0799;4;02.Jan.2027
476.0;40.08062;4;02.Jan.2027
476.5;40.08134;4;02.Jan.2027
477.0;40.08207;4;02.Jan.2027
477.5;40.08279;4;02.Jan.2027
478.0;40.08351;4;02.Jan.2027
478.5;40.08423;4;02.Jan.2027
479.0;40.08495;4;02.Jan.2027
479.5;40.08567;4;02.Jan.2027
480.0;40.08639;4;02.Jan.2027
480.5;40.08711;4;02.Jan.2027
481.0;40.08783;4;02.Jan.2027
481.5;40.08855;4;02.Jan.2027
482.0;40.08928;4;02.Jan.2027
482.5;40.09;4;02.Jan.2027
483.0;40.09072;4;02.Jan.2027
483.5;40.09144;4;02.Jan.2027
484.0;40.09216;4;02.Jan.2027
484.5;40.09288;4;02.Jan.2027
485.0;40.0936;4;02.Jan.2027
485.5;40.09432;4;02.Jan.2027
486.0;40.09504;4;02.Jan.2027
486.5;40.09576;4;02.Jan.2027
487.0;40.09649;4;02.Jan.2027
487.5;40.09721;4;02.Jan.2027
488.0;40.09793;4;02.Jan.2027
488.5;40.09865;4;02.Jan.2027
489.0;40.09937;4;02.Jan.2027
489.5;40.10009;4;02.Jan.2027
490.0;40.10081;4;02.Jan.2027
490.5;40.10153;4;02.Jan.2027
491.0;40.10225;4;02.Jan.2027
491.5;40.10297;4;02.Jan.2027
492.0;40.1037;4;02.Jan.2027
492.5;40.10442;4;02.Jan.2027
493.0;40.10514;4;02.Jan.2027
493.5;40.10586;4;02.Jan.2027
494.0;40.10658;4;02.Jan.2027
494.5;40.1073;4;02.Jan.2027
495.0;40.10802;4;02.Jan.2027
495.5;40.10875;4;02.Jan.2027
496.0;40.10947;4;02.Jan.2027
496.5;40.11019;4;02.Jan.2027
497.0;40.11091;4;02.Jan.2027
497.5;40.11163;4;02.Jan.2027
498.0;40.11235;4;02.Jan.2027
498.5;40.11308;4;02.Jan.2027
499.0;40.1138;4;02.Jan.2027
499.5;40.11452;4;02.Jan.2027
