DEPTH;GAS_DEN;TIME_INDEX;DATES
400.0;2.93527;0;01.Jan.2022
400.5;2.93528;0;01.Jan.2022
401.0;2.93529;0;01.Jan.2022
401.5;2.9353;0;01.Jan.2022
402.0;2.93531;0;01.Jan.2022
402.5;2.93532;0;01.Jan.2022
403.0;2.93533;0;01.Jan.2022
403.5;2.93534;0;01.Jan.2022
404.0;2.93535;0;01.Jan.2022
404.5;2.93536;0;01.Jan.2022
405.0;2.93538;0;01.Jan.2022
405.5;2.93539;0;01.Jan.2022
406.0;2.9354;0;01.Jan.2022
406.5;2.93541;0;01.Jan.2022
407.0;2.93542;0;01.Jan.2022
407.5;2.93543;0;01.Jan.2022
408.0;2.93544;0;01.Jan.2022
408.5;2.93545;0;01.Jan.2022
409.0;2.93546;0;01.Jan.2022
409.5;2.93547;0;01.Jan.2022
410.0;2.93548;0;01.Jan.2022
410.5;2.9355;0;01.Jan.2022
411.0;2.93551;0;01.Jan.2022
411.5;2.93552;0;01.Jan.2022
412.0;2.93553;0;01.Jan.2022
412.5;2.93554;0;01.Jan.2022
413.0;2.93555;0;01.Jan.2022
413.5;2.93556;0;01.Jan.2022
414.0;2.93557;0;01.Jan.2022
414.5;2.93558;0;01.Jan.2022
415.0;2.93559;0;01.Jan.2022
415.5;2.9356;0;01.Jan.2022
416.0;2.93561;0;01.Jan.2022
416.5;2.93563;0;01.Jan.2022
417.0;2.93564;0;01.Jan.2022
417.5;2.93565;0;01.Jan.2022
418.0;2.93566;0;01.Jan.2022
418.5;2.93567;0;01.Jan.2022
419.0;2.93568;0;01.Jan.2022
419.5;2.93569;0;01.Jan.2022
420.0;2.9357;0;01.Jan.2022
420.5;2.93571;0;01.Jan.2022
421.0;2.93572;0;01.Jan.2022
421.5;2.93573;0;01.Jan.2022
422.0;2.93575;0;01.Jan.2022
422.5;2.93576;0;01.Jan.2022
423.0;2.93577;0;01.Jan.2022
423.5;2.93578;0;01.Jan.2022
424.0;2.93579;0;01.Jan.2022
424.5;2.9358;0;01.Jan.2022
425.0;2.93581;0;01.Jan.2022
425.5;2.93582;0;01.Jan.2022
426.0;2.93583;0;01.Jan.2022
426.5;2.93584;0;01.Jan.2022
427.0;2.93585;0;01.Jan.2022
427.5;2.93586;0;01.Jan.2022
428.0;2.93588;0;01.Jan.2022
428.5;2.93589;0;01.Jan.2022
429.0;2.9359;0;01.Jan.2022
429.5;2.93591;0;01.Jan.2022
430.0;2.93592;0;01.Jan.2022
430.5;2.93593;0;01.Jan.2022
431.0;2.93594;0;01.Jan.2022
431.5;2.93595;0;01.Jan.2022
432.0;2.93596;0;01.Jan.2022
432.5;2.93597;0;01.Jan.2022
433.0;2.93598;0;01.Jan.2022
433.5;2.936;0;01.Jan.2022
434.0;2.93601;0;01.Jan.2022
434.5;2.93602;0;01.Jan.2022
435.0;2.93603;0;01.Jan.2022
435.5;2.93604;0;01.Jan.2022
436.0;2.93605;0;01.Jan.2022
436.5;2.93606;0;01.Jan.2022
437.0;2.93607;0;01.Jan.2022
437.5;2.93608;0;01.Jan.2022
438.0;2.93609;0;01.Jan.2022
438.5;2.9361;0;01.Jan.2022
439.0;2.93611;0;01.Jan.2022
439.5;2.93613;0;01.Jan.2022
440.0;2.93614;0;01.Jan.2022
440.5;2.93615;0;01.Jan.2022
441.0;2.93616;0;01.Jan.2022
441.5;2.93617;0;01.Jan.2022
442.0;2.93618;0;01.Jan.2022
442.5;2.93619;0;01.Jan.2022
443.0;2.9362;0;01.Jan.2022
443.5;2.93621;0;01.Jan.2022
444.0;2.93622;0;01.Jan.2022
444.5;2.93623;0;01.Jan.2022
445.0;2.93623;0;01.Jan.2022
445.5;2.93624;0;01.Jan.2022
446.0;2.93625;0;01.Jan.2022
446.5;2.93625;0;01.Jan.2022
447.0;2.93626;0;01.Jan.2022
447.5;2.93626;0;01.Jan.2022
448.0;2.93626;0;01.Jan.2022
448.5;2.93625;0;01.Jan.2022
449.0;2.93644;0;01.Jan.2022
449.5;3.00975;0;01.Jan.2022
450.0;26.28893;0;01.Jan.2022
450.5;26.36703;0;01.Jan.2022
451.0;26.36786;0;01.Jan.2022
451.5;26.36852;0;01.Jan.2022
452.0;26.36922;0;01.Jan.2022
452.5;26.36994;0;01.Jan.2022
453.0;26.37068;0;01.Jan.2022
453.5;26.37143;0;01.Jan.2022
454.0;26.3722;0;01.Jan.2022
454.5;26.37296;0;01.Jan.2022
455.0;26.37374;0;01.Jan.2022
455.5;26.37452;0;01.Jan.2022
456.0;26.37531;0;01.Jan.2022
456.5;26.37609;0;01.Jan.2022
457.0;26.37688;0;01.Jan.2022
457.5;26.37768;0;01.Jan.2022
458.0;26.37847;0;01.Jan.2022
458.5;26.37926;0;01.Jan.2022
459.0;26.38006;0;01.Jan.2022
459.5;26.38085;0;01.Jan.2022
460.0;26.38165;0;01.Jan.2022
460.5;26.38245;0;01.Jan.2022
461.0;26.38324;0;01.Jan.2022
461.5;26.38404;0;01.Jan.2022
462.0;26.38484;0;01.Jan.2022
462.5;26.38563;0;01.Jan.2022
463.0;26.38643;0;01.Jan.2022
463.5;26.38723;0;01.Jan.2022
464.0;26.38802;0;01.Jan.2022
464.5;26.38882;0;01.Jan.2022
465.0;26.38962;0;01.Jan.2022
465.5;26.39042;0;01.Jan.2022
466.0;26.39121;0;01.Jan.2022
466.5;26.39201;0;01.Jan.2022
467.0;26.39281;0;01.Jan.2022
467.5;26.3936;0;01.Jan.2022
468.0;26.3944;0;01.Jan.2022
468.5;26.3952;0;01.Jan.2022
469.0;26.396;0;01.Jan.2022
469.5;26.39679;0;01.Jan.2022
470.0;26.39759;0;01.Jan.2022
470.5;26.39839;0;01.Jan.2022
471.0;26.39919;0;01.Jan.2022
471.5;26.39998;0;01.Jan.2022
472.0;26.40078;0;01.Jan.2022
472.5;26.40158;0;01.Jan.2022
473.0;26.40238;0;01.Jan.2022
473.5;26.40317;0;01.Jan.2022
474.0;26.40397;0;01.Jan.2022
474.5;26.40477;0;01.Jan.2022
475.0;26.40557;0;01.Jan.2022
475.5;26.40636;0;01.Jan.2022
476.0;26.40716;0;01.Jan.2022
476.5;26.40796;0;01.Jan.2022
477.0;26.40875;0;01.Jan.2022
477.5;26.40955;0;01.Jan.2022
478.0;26.41035;0;01.Jan.2022
478.5;26.41115;0;01.Jan.2022
479.0;26.41194;0;01.Jan.2022
479.5;26.41274;0;01.Jan.2022
480.0;26.41354;0;01.Jan.2022
480.5;26.41434;0;01.Jan.2022
481.0;26.41513;0;01.Jan.2022
481.5;26.41593;0;01.Jan.2022
482.0;26.41673;0;01.Jan.2022
482.5;26.41752;0;01.Jan.2022
483.0;26.41832;0;01.Jan.2022
483.5;26.41912;0;01.Jan.2022
484.0;26.41992;0;01.Jan.2022
484.5;26.42071;0;01.Jan.2022
485.0;26.42151;0;01.Jan.2022
485.5;26.42231;0;01.Jan.2022
486.0;26.42311;0;01.Jan.2022
486.5;26.4239;0;01.Jan.2022
487.0;26.4247;0;01.Jan.2022
487.5;26.4255;0;01.Jan.2022
488.0;26.4263;0;01.Jan.2022
488.5;26.42709;0;01.Jan.2022
489.0;26.42789;0;01.Jan.2022
489.5;26.42869;0;01.Jan.2022
490.0;26.42949;0;01.Jan.2022
490.5;26.43028;0;01.Jan.2022
491.0;26.43108;0;01.Jan.2022
491.5;26.43188;0;01.Jan.2022
492.0;26.43268;0;01.Jan.2022
492.5;26.43348;0;01.Jan.2022
493.0;26.43427;0;01.Jan.2022
493.5;26.43507;0;01.Jan.2022
494.0;26.43587;0;01.Jan.2022
494.5;26.43667;0;01.Jan.2022
495.0;26.43747;0;01.Jan.2022
495.5;26.43827;0;01.Jan.2022
496.0;26.43907;0;01.Jan.2022
496.5;26.43988;0;01.Jan.2022
497.0;26.44068;0;01.Jan.2022
497.5;26.44149;0;01.Jan.2022
498.0;26.4423;0;01.Jan.2022
498.5;26.44312;0;01.Jan.2022
499.0;26.44394;0;01.Jan.2022
499.5;26.44476;0;01.Jan.2022
400.0;2.93505;1;04.Jan.2022
400.5;2.93506;1;04.Jan.2022
401.0;2.93507;1;04.Jan.2022
401.5;2.93509;1;04.Jan.2022
402.0;2.9351;1;04.Jan.2022
402.5;2.93511;1;04.Jan.2022
403.0;2.93512;1;04.Jan.2022
403.5;2.93514;1;04.Jan.2022
404.0;2.93515;1;04.Jan.2022
404.5;2.93516;1;04.Jan.2022
405.0;2.93518;1;04.Jan.2022
405.5;2.9352;1;04.Jan.2022
406.0;2.93521;1;04.Jan.2022
406.5;2.93523;1;04.Jan.2022
407.0;2.93525;1;04.Jan.2022
407.5;2.93527;1;04.Jan.2022
408.0;2.9353;1;04.Jan.2022
408.5;2.93532;1;04.Jan.2022
409.0;2.93535;1;04.Jan.2022
409.5;2.93538;1;04.Jan.2022
410.0;2.93542;1;04.Jan.2022
410.5;2.93545;1;04.Jan.2022
411.0;2.9355;1;04.Jan.2022
411.5;2.93554;1;04.Jan.2022
412.0;2.9356;1;04.Jan.2022
412.5;2.93566;1;04.Jan.2022
413.0;2.93573;1;04.Jan.2022
413.5;2.93581;1;04.Jan.2022
414.0;2.9359;1;04.Jan.2022
414.5;2.93601;1;04.Jan.2022
415.0;2.93613;1;04.Jan.2022
415.5;2.93627;1;04.Jan.2022
416.0;2.93643;1;04.Jan.2022
416.5;2.93661;1;04.Jan.2022
417.0;2.93682;1;04.Jan.2022
417.5;2.93707;1;04.Jan.2022
418.0;2.93735;1;04.Jan.2022
418.5;2.93768;1;04.Jan.2022
419.0;2.93806;1;04.Jan.2022
419.5;2.9385;1;04.Jan.2022
420.0;2.93901;1;04.Jan.2022
420.5;2.93961;1;04.Jan.2022
421.0;2.9403;1;04.Jan.2022
421.5;2.9411;1;04.Jan.2022
422.0;2.94202;1;04.Jan.2022
422.5;2.9431;1;04.Jan.2022
423.0;2.94435;1;04.Jan.2022
423.5;2.9458;1;04.Jan.2022
424.0;2.94748;1;04.Jan.2022
424.5;2.94944;1;04.Jan.2022
425.0;2.95171;1;04.Jan.2022
425.5;2.95434;1;04.Jan.2022
426.0;2.95739;1;04.Jan.2022
426.5;2.96094;1;04.Jan.2022
427.0;2.96505;1;04.Jan.2022
427.5;2.96982;1;04.Jan.2022
428.0;2.97535;1;04.Jan.2022
428.5;2.98175;1;04.Jan.2022
429.0;2.98918;1;04.Jan.2022
429.5;2.99779;1;04.Jan.2022
430.0;3.00775;1;04.Jan.2022
430.5;3.01929;1;04.Jan.2022
431.0;3.03264;1;04.Jan.2022
431.5;3.04809;1;04.Jan.2022
432.0;3.06594;1;04.Jan.2022
432.5;3.08658;1;04.Jan.2022
433.0;3.11041;1;04.Jan.2022
433.5;3.13792;1;04.Jan.2022
434.0;3.16965;1;04.Jan.2022
434.5;3.20623;1;04.Jan.2022
435.0;3.24836;1;04.Jan.2022
435.5;3.29684;1;04.Jan.2022
436.0;3.3526;1;04.Jan.2022
436.5;3.41664;1;04.Jan.2022
437.0;3.49014;1;04.Jan.2022
437.5;3.57437;1;04.Jan.2022
438.0;3.67081;1;04.Jan.2022
438.5;3.78106;1;04.Jan.2022
439.0;3.90691;1;04.Jan.2022
439.5;4.05034;1;04.Jan.2022
440.0;4.21351;1;04.Jan.2022
440.5;4.39878;1;04.Jan.2022
441.0;4.60869;1;04.Jan.2022
441.5;4.84597;1;04.Jan.2022
442.0;5.11347;1;04.Jan.2022
442.5;5.4142;1;04.Jan.2022
443.0;5.75121;1;04.Jan.2022
443.5;6.12755;1;04.Jan.2022
444.0;6.54618;1;04.Jan.2022
444.5;7.00985;1;04.Jan.2022
445.0;7.52094;1;04.Jan.2022
445.5;8.0813;1;04.Jan.2022
446.0;8.69199;1;04.Jan.2022
446.5;9.3531;1;04.Jan.2022
447.0;10.06346;1;04.Jan.2022
447.5;10.8204;1;04.Jan.2022
448.0;11.61949;1;04.Jan.2022
448.5;12.45442;1;04.Jan.2022
449.0;13.31695;1;04.Jan.2022
449.5;14.1971;1;04.Jan.2022
450.0;15.08361;1;04.Jan.2022
450.5;15.96468;1;04.Jan.2022
451.0;16.82894;1;04.Jan.2022
451.5;17.66623;1;04.Jan.2022
452.0;18.46813;1;04.Jan.2022
452.5;19.22812;1;04.Jan.2022
453.0;19.94161;1;04.Jan.2022
453.5;20.60578;1;04.Jan.2022
454.0;21.21936;1;04.Jan.2022
454.5;21.78237;1;04.Jan.2022
455.0;22.29587;1;04.Jan.2022
455.5;22.76168;1;04.Jan.2022
456.0;23.18221;1;04.Jan.2022
456.5;23.56021;1;04.Jan.2022
457.0;23.89868;1;04.Jan.2022
457.5;24.2007;1;04.Jan.2022
458.0;24.46936;1;04.Jan.2022
458.5;24.70768;1;04.Jan.2022
459.0;24.91855;1;04.Jan.2022
459.5;25.10471;1;04.Jan.2022
460.0;25.26872;1;04.Jan.2022
460.5;25.41296;1;04.Jan.2022
461.0;25.53959;1;04.Jan.2022
461.5;25.6506;1;04.Jan.2022
462.0;25.74779;1;04.Jan.2022
462.5;25.83278;1;04.Jan.2022
463.0;25.90703;1;04.Jan.2022
463.5;25.97183;1;04.Jan.2022
464.0;26.02834;1;04.Jan.2022
464.5;26.07759;1;04.Jan.2022
465.0;26.12048;1;04.Jan.2022
465.5;26.15783;1;04.Jan.2022
466.0;26.19034;1;04.Jan.2022
466.5;26.21863;1;04.Jan.2022
467.0;26.24325;1;04.Jan.2022
467.5;26.26468;1;04.Jan.2022
468.0;26.28333;1;04.Jan.2022
468.5;26.29958;1;04.Jan.2022
469.0;26.31373;1;04.Jan.2022
469.5;26.32607;1;04.Jan.2022
470.0;26.33685;1;04.Jan.2022
470.5;26.34626;1;04.Jan.2022
471.0;26.3545;1;04.Jan.2022
471.5;26.36172;1;04.Jan.2022
472.0;26.36807;1;04.Jan.2022
472.5;26.37365;1;04.Jan.2022
473.0;26.37858;1;04.Jan.2022
473.5;26.38295;1;04.Jan.2022
474.0;26.38682;1;04.Jan.2022
474.5;26.39027;1;04.Jan.2022
475.0;26.39336;1;04.Jan.2022
475.5;26.39614;1;04.Jan.2022
476.0;26.39864;1;04.Jan.2022
476.5;26.40091;1;04.Jan.2022
477.0;26.40299;1;04.Jan.2022
477.5;26.40488;1;04.Jan.2022
478.0;26.40664;1;04.Jan.2022
478.5;26.40826;1;04.Jan.2022
479.0;26.40977;1;04.Jan.2022
479.5;26.41119;1;04.Jan.2022
480.0;26.41252;1;04.Jan.2022
480.5;26.41379;1;04.Jan.2022
481.0;26.41499;1;04.Jan.2022
481.5;26.41615;1;04.Jan.2022
482.0;26.41725;1;04.Jan.2022
482.5;26.41832;1;04.Jan.2022
483.0;26.41936;1;04.Jan.2022
483.5;26.42037;1;04.Jan.2022
484.0;26.42135;1;04.Jan.2022
484.5;26.42232;1;04.Jan.2022
485.0;26.42326;1;04.Jan.2022
485.5;26.42419;1;04.Jan.2022
486.0;26.42511;1;04.Jan.2022
486.5;26.42601;1;04.Jan.2022
487.0;26.4269;1;04.Jan.2022
487.5;26.42779;1;04.Jan.2022
488.0;26.42867;1;04.Jan.2022
488.5;26.42954;1;04.Jan.2022
489.0;26.43041;1;04.Jan.2022
489.5;26.43127;1;04.Jan.2022
490.0;26.43213;1;04.Jan.2022
490.5;26.43299;1;04.Jan.2022
491.0;26.43384;1;04.Jan.2022
491.5;26.43469;1;04.Jan.2022
492.0;26.43554;1;04.Jan.2022
492.5;26.43639;1;04.Jan.2022
493.0;26.43723;1;04.Jan.2022
493.5;26.43808;1;04.Jan.2022
494.0;26.43892;1;04.Jan.2022
494.5;26.43976;1;04.Jan.2022
495.0;26.4406;1;04.Jan.2022
495.5;26.44144;1;04.Jan.2022
496.0;26.44228;1;04.Jan.2022
496.5;26.44312;1;04.Jan.2022
497.0;26.44396;1;04.Jan.2022
497.5;26.44479;1;04.Jan.2022
498.0;26.44563;1;04.Jan.2022
498.5;26.44647;1;04.Jan.2022
499.0;26.4473;1;04.Jan.2022
499.5;26.44814;1;04.Jan.2022
400.0;3.34189;2;31.Jan.2022
400.5;3.34289;2;31.Jan.2022
401.0;3.34488;2;31.Jan.2022
401.5;3.34786;2;31.Jan.2022
402.0;3.35183;2;31.Jan.2022
402.5;3.35681;2;31.Jan.2022
403.0;3.36281;2;31.Jan.2022
403.5;3.36983;2;31.Jan.2022
404.0;3.37789;2;31.Jan.2022
404.5;3.387;2;31.Jan.2022
405.0;3.39719;2;31.Jan.2022
405.5;3.40846;2;31.Jan.2022
406.0;3.42085;2;31.Jan.2022
406.5;3.43436;2;31.Jan.2022
407.0;3.44904;2;31.Jan.2022
407.5;3.4649;2;31.Jan.2022
408.0;3.48197;2;31.Jan.2022
408.5;3.50029;2;31.Jan.2022
409.0;3.51989;2;31.Jan.2022
409.5;3.54079;2;31.Jan.2022
410.0;3.56305;2;31.Jan.2022
410.5;3.58669;2;31.Jan.2022
411.0;3.61176;2;31.Jan.2022
411.5;3.6383;2;31.Jan.2022
412.0;3.66636;2;31.Jan.2022
412.5;3.69598;2;31.Jan.2022
413.0;3.72721;2;31.Jan.2022
413.5;3.76011;2;31.Jan.2022
414.0;3.79472;2;31.Jan.2022
414.5;3.8311;2;31.Jan.2022
415.0;3.86932;2;31.Jan.2022
415.5;3.90943;2;31.Jan.2022
416.0;3.95148;2;31.Jan.2022
416.5;3.99555;2;31.Jan.2022
417.0;4.0417;2;31.Jan.2022
417.5;4.09;2;31.Jan.2022
418.0;4.14052;2;31.Jan.2022
418.5;4.19333;2;31.Jan.2022
419.0;4.24849;2;31.Jan.2022
419.5;4.3061;2;31.Jan.2022
420.0;4.36621;2;31.Jan.2022
420.5;4.42892;2;31.Jan.2022
421.0;4.4943;2;31.Jan.2022
421.5;4.56244;2;31.Jan.2022
422.0;4.6334;2;31.Jan.2022
422.5;4.70729;2;31.Jan.2022
423.0;4.78418;2;31.Jan.2022
423.5;4.86416;2;31.Jan.2022
424.0;4.94731;2;31.Jan.2022
424.5;5.03373;2;31.Jan.2022
425.0;5.12349;2;31.Jan.2022
425.5;5.21669;2;31.Jan.2022
426.0;5.31341;2;31.Jan.2022
426.5;5.41374;2;31.Jan.2022
427.0;5.51776;2;31.Jan.2022
427.5;5.62557;2;31.Jan.2022
428.0;5.73724;2;31.Jan.2022
428.5;5.85285;2;31.Jan.2022
429.0;5.97249;2;31.Jan.2022
429.5;6.09624;2;31.Jan.2022
430.0;6.22416;2;31.Jan.2022
430.5;6.35633;2;31.Jan.2022
431.0;6.49283;2;31.Jan.2022
431.5;6.63371;2;31.Jan.2022
432.0;6.77903;2;31.Jan.2022
432.5;6.92885;2;31.Jan.2022
433.0;7.08322;2;31.Jan.2022
433.5;7.24218;2;31.Jan.2022
434.0;7.40578;2;31.Jan.2022
434.5;7.57403;2;31.Jan.2022
435.0;7.74697;2;31.Jan.2022
435.5;7.9246;2;31.Jan.2022
436.0;8.10694;2;31.Jan.2022
436.5;8.29398;2;31.Jan.2022
437.0;8.4857;2;31.Jan.2022
437.5;8.68209;2;31.Jan.2022
438.0;8.88311;2;31.Jan.2022
438.5;9.08872;2;31.Jan.2022
439.0;9.29885;2;31.Jan.2022
439.5;9.51344;2;31.Jan.2022
440.0;9.73241;2;31.Jan.2022
440.5;9.95565;2;31.Jan.2022
441.0;10.18307;2;31.Jan.2022
441.5;10.41455;2;31.Jan.2022
442.0;10.64994;2;31.Jan.2022
442.5;10.8891;2;31.Jan.2022
443.0;11.13187;2;31.Jan.2022
443.5;11.37806;2;31.Jan.2022
444.0;11.6275;2;31.Jan.2022
444.5;11.87998;2;31.Jan.2022
445.0;12.13529;2;31.Jan.2022
445.5;12.39319;2;31.Jan.2022
446.0;12.65346;2;31.Jan.2022
446.5;12.91584;2;31.Jan.2022
447.0;13.18008;2;31.Jan.2022
447.5;13.4459;2;31.Jan.2022
448.0;13.71304;2;31.Jan.2022
448.5;13.98122;2;31.Jan.2022
449.0;14.25015;2;31.Jan.2022
449.5;14.51953;2;31.Jan.2022
450.0;14.78909;2;31.Jan.2022
450.5;15.05853;2;31.Jan.2022
451.0;15.32755;2;31.Jan.2022
451.5;15.59587;2;31.Jan.2022
452.0;15.8632;2;31.Jan.2022
452.5;16.12926;2;31.Jan.2022
453.0;16.39377;2;31.Jan.2022
453.5;16.65647;2;31.Jan.2022
454.0;16.9171;2;31.Jan.2022
454.5;17.1754;2;31.Jan.2022
455.0;17.43114;2;31.Jan.2022
455.5;17.6841;2;31.Jan.2022
456.0;17.93404;2;31.Jan.2022
456.5;18.18078;2;31.Jan.2022
457.0;18.42411;2;31.Jan.2022
457.5;18.66387;2;31.Jan.2022
458.0;18.89988;2;31.Jan.2022
458.5;19.13199;2;31.Jan.2022
459.0;19.36008;2;31.Jan.2022
459.5;19.58401;2;31.Jan.2022
460.0;19.80368;2;31.Jan.2022
460.5;20.01898;2;31.Jan.2022
461.0;20.22985;2;31.Jan.2022
461.5;20.43619;2;31.Jan.2022
462.0;20.63796;2;31.Jan.2022
462.5;20.83512;2;31.Jan.2022
463.0;21.02761;2;31.Jan.2022
463.5;21.21543;2;31.Jan.2022
464.0;21.39855;2;31.Jan.2022
464.5;21.57697;2;31.Jan.2022
465.0;21.7507;2;31.Jan.2022
465.5;21.91975;2;31.Jan.2022
466.0;22.08414;2;31.Jan.2022
466.5;22.2439;2;31.Jan.2022
467.0;22.39907;2;31.Jan.2022
467.5;22.54969;2;31.Jan.2022
468.0;22.69582;2;31.Jan.2022
468.5;22.8375;2;31.Jan.2022
469.0;22.9748;2;31.Jan.2022
469.5;23.10777;2;31.Jan.2022
470.0;23.2365;2;31.Jan.2022
470.5;23.36105;2;31.Jan.2022
471.0;23.48149;2;31.Jan.2022
471.5;23.5979;2;31.Jan.2022
472.0;23.71037;2;31.Jan.2022
472.5;23.81898;2;31.Jan.2022
473.0;23.9238;2;31.Jan.2022
473.5;24.02493;2;31.Jan.2022
474.0;24.12245;2;31.Jan.2022
474.5;24.21645;2;31.Jan.2022
475.0;24.30701;2;31.Jan.2022
475.5;24.39422;2;31.Jan.2022
476.0;24.47817;2;31.Jan.2022
476.5;24.55894;2;31.Jan.2022
477.0;24.63663;2;31.Jan.2022
477.5;24.71131;2;31.Jan.2022
478.0;24.78308;2;31.Jan.2022
478.5;24.85201;2;31.Jan.2022
479.0;24.91818;2;31.Jan.2022
479.5;24.98169;2;31.Jan.2022
480.0;25.0426;2;31.Jan.2022
480.5;25.10101;2;31.Jan.2022
481.0;25.15697;2;31.Jan.2022
481.5;25.21057;2;31.Jan.2022
482.0;25.26189;2;31.Jan.2022
482.5;25.31099;2;31.Jan.2022
483.0;25.35793;2;31.Jan.2022
483.5;25.40281;2;31.Jan.2022
484.0;25.44566;2;31.Jan.2022
484.5;25.48657;2;31.Jan.2022
485.0;25.52558;2;31.Jan.2022
485.5;25.56277;2;31.Jan.2022
486.0;25.59818;2;31.Jan.2022
486.5;25.63188;2;31.Jan.2022
487.0;25.66392;2;31.Jan.2022
487.5;25.69434;2;31.Jan.2022
488.0;25.7232;2;31.Jan.2022
488.5;25.75054;2;31.Jan.2022
489.0;25.77642;2;31.Jan.2022
489.5;25.80086;2;31.Jan.2022
490.0;25.82392;2;31.Jan.2022
490.5;25.84563;2;31.Jan.2022
491.0;25.86603;2;31.Jan.2022
491.5;25.88515;2;31.Jan.2022
492.0;25.90303;2;31.Jan.2022
492.5;25.91969;2;31.Jan.2022
493.0;25.93517;2;31.Jan.2022
493.5;25.9495;2;31.Jan.2022
494.0;25.96268;2;31.Jan.2022
494.5;25.97476;2;31.Jan.2022
495.0;25.98575;2;31.Jan.2022
495.5;25.99567;2;31.Jan.2022
496.0;26.00453;2;31.Jan.2022
496.5;26.01235;2;31.Jan.2022
497.0;26.01915;2;31.Jan.2022
497.5;26.02493;2;31.Jan.2022
498.0;26.02971;2;31.Jan.2022
498.5;26.03349;2;31.Jan.2022
499.0;26.03627;2;31.Jan.2022
499.5;26.03807;2;31.Jan.2022
400.0;12.79758;3;02.Jan.2023
400.5;12.79824;3;02.Jan.2023
401.0;12.79934;3;02.Jan.2023
401.5;12.80091;3;02.Jan.2023
402.0;12.80293;3;02.Jan.2023
402.5;12.8054;3;02.Jan.2023
403.0;12.80834;3;02.Jan.2023
403.5;12.81172;3;02.Jan.2023
404.0;12.81556;3;02.Jan.2023
404.5;12.81985;3;02.Jan.2023
405.0;12.82459;3;02.Jan.2023
405.5;12.82978;3;02.Jan.2023
406.0;12.83542;3;02.Jan.2023
406.5;12.84151;3;02.Jan.2023
407.0;12.84804;3;02.Jan.2023
407.5;12.85502;3;02.Jan.2023
408.0;12.86244;3;02.Jan.2023
408.5;12.8703;3;02.Jan.2023
409.0;12.8786;3;02.Jan.2023
409.5;12.88734;3;02.Jan.2023
410.0;12.89652;3;02.Jan.2023
410.5;12.90613;3;02.Jan.2023
411.0;12.91617;3;02.Jan.2023
411.5;12.92663;3;02.Jan.2023
412.0;12.93753;3;02.Jan.2023
412.5;12.94884;3;02.Jan.2023
413.0;12.96058;3;02.Jan.2023
413.5;12.97273;3;02.Jan.2023
414.0;12.9853;3;02.Jan.2023
414.5;12.99828;3;02.Jan.2023
415.0;13.01167;3;02.Jan.2023
415.5;13.02547;3;02.Jan.2023
416.0;13.03966;3;02.Jan.2023
416.5;13.05426;3;02.Jan.2023
417.0;13.06925;3;02.Jan.2023
417.5;13.08463;3;02.Jan.2023
418.0;13.1004;3;02.Jan.2023
418.5;13.11655;3;02.Jan.2023
419.0;13.13309;3;02.Jan.2023
419.5;13.15;3;02.Jan.2023
420.0;13.16728;3;02.Jan.2023
420.5;13.18493;3;02.Jan.2023
421.0;13.20294;3;02.Jan.2023
421.5;13.22131;3;02.Jan.2023
422.0;13.24003;3;02.Jan.2023
422.5;13.25911;3;02.Jan.2023
423.0;13.27853;3;02.Jan.2023
423.5;13.29829;3;02.Jan.2023
424.0;13.31839;3;02.Jan.2023
424.5;13.33881;3;02.Jan.2023
425.0;13.35957;3;02.Jan.2023
425.5;13.38064;3;02.Jan.2023
426.0;13.40203;3;02.Jan.2023
426.5;13.42373;3;02.Jan.2023
427.0;13.44574;3;02.Jan.2023
427.5;13.46804;3;02.Jan.2023
428.0;13.49064;3;02.Jan.2023
428.5;13.51353;3;02.Jan.2023
429.0;13.5367;3;02.Jan.2023
429.5;13.56015;3;02.Jan.2023
430.0;13.58388;3;02.Jan.2023
430.5;13.60786;3;02.Jan.2023
431.0;13.63211;3;02.Jan.2023
431.5;13.65662;3;02.Jan.2023
432.0;13.68137;3;02.Jan.2023
432.5;13.70636;3;02.Jan.2023
433.0;13.73159;3;02.Jan.2023
433.5;13.75705;3;02.Jan.2023
434.0;13.78273;3;02.Jan.2023
434.5;13.80864;3;02.Jan.2023
435.0;13.83475;3;02.Jan.2023
435.5;13.86107;3;02.Jan.2023
436.0;13.88759;3;02.Jan.2023
436.5;13.9143;3;02.Jan.2023
437.0;13.94119;3;02.Jan.2023
437.5;13.96826;3;02.Jan.2023
438.0;13.99551;3;02.Jan.2023
438.5;14.02292;3;02.Jan.2023
439.0;14.05049;3;02.Jan.2023
439.5;14.07822;3;02.Jan.2023
440.0;14.10608;3;02.Jan.2023
440.5;14.13409;3;02.Jan.2023
441.0;14.16223;3;02.Jan.2023
441.5;14.1905;3;02.Jan.2023
442.0;14.21888;3;02.Jan.2023
442.5;14.24737;3;02.Jan.2023
443.0;14.27597;3;02.Jan.2023
443.5;14.30467;3;02.Jan.2023
444.0;14.33345;3;02.Jan.2023
444.5;14.36232;3;02.Jan.2023
445.0;14.39127;3;02.Jan.2023
445.5;14.42028;3;02.Jan.2023
446.0;14.44936;3;02.Jan.2023
446.5;14.47849;3;02.Jan.2023
447.0;14.50767;3;02.Jan.2023
447.5;14.53689;3;02.Jan.2023
448.0;14.56614;3;02.Jan.2023
448.5;14.59542;3;02.Jan.2023
449.0;14.62472;3;02.Jan.2023
449.5;14.65403;3;02.Jan.2023
450.0;14.68334;3;02.Jan.2023
450.5;14.71266;3;02.Jan.2023
451.0;14.74196;3;02.Jan.2023
451.5;14.77125;3;02.Jan.2023
452.0;14.80051;3;02.Jan.2023
452.5;14.82975;3;02.Jan.2023
453.0;14.85894;3;02.Jan.2023
453.5;14.88809;3;02.Jan.2023
454.0;14.91719;3;02.Jan.2023
454.5;14.94623;3;02.Jan.2023
455.0;14.9752;3;02.Jan.2023
455.5;15.00409;3;02.Jan.2023
456.0;15.03291;3;02.Jan.2023
456.5;15.06164;3;02.Jan.2023
457.0;15.09027;3;02.Jan.2023
457.5;15.11881;3;02.Jan.2023
458.0;15.14723;3;02.Jan.2023
458.5;15.17554;3;02.Jan.2023
459.0;15.20372;3;02.Jan.2023
459.5;15.23178;3;02.Jan.2023
460.0;15.2597;3;02.Jan.2023
460.5;15.28748;3;02.Jan.2023
461.0;15.31511;3;02.Jan.2023
461.5;15.34258;3;02.Jan.2023
462.0;15.36988;3;02.Jan.2023
462.5;15.39702;3;02.Jan.2023
463.0;15.42398;3;02.Jan.2023
463.5;15.45076;3;02.Jan.2023
464.0;15.47734;3;02.Jan.2023
464.5;15.50373;3;02.Jan.2023
465.0;15.52992;3;02.Jan.2023
465.5;15.5559;3;02.Jan.2023
466.0;15.58166;3;02.Jan.2023
466.5;15.6072;3;02.Jan.2023
467.0;15.63252;3;02.Jan.2023
467.5;15.6576;3;02.Jan.2023
468.0;15.68243;3;02.Jan.2023
468.5;15.70703;3;02.Jan.2023
469.0;15.73137;3;02.Jan.2023
469.5;15.75545;3;02.Jan.2023
470.0;15.77926;3;02.Jan.2023
470.5;15.80281;3;02.Jan.2023
471.0;15.82608;3;02.Jan.2023
471.5;15.84907;3;02.Jan.2023
472.0;15.87177;3;02.Jan.2023
472.5;15.89418;3;02.Jan.2023
473.0;15.91629;3;02.Jan.2023
473.5;15.9381;3;02.Jan.2023
474.0;15.9596;3;02.Jan.2023
474.5;15.98078;3;02.Jan.2023
475.0;16.00165;3;02.Jan.2023
475.5;16.02219;3;02.Jan.2023
476.0;16.0424;3;02.Jan.2023
476.5;16.06228;3;02.Jan.2023
477.0;16.08182;3;02.Jan.2023
477.5;16.10101;3;02.Jan.2023
478.0;16.11986;3;02.Jan.2023
478.5;16.13835;3;02.Jan.2023
479.0;16.15648;3;02.Jan.2023
479.5;16.17426;3;02.Jan.2023
480.0;16.19166;3;02.Jan.2023
480.5;16.2087;3;02.Jan.2023
481.0;16.22536;3;02.Jan.2023
481.5;16.24164;3;02.Jan.2023
482.0;16.25754;3;02.Jan.2023
482.5;16.27305;3;02.Jan.2023
483.0;16.28817;3;02.Jan.2023
483.5;16.3029;3;02.Jan.2023
484.0;16.31723;3;02.Jan.2023
484.5;16.33115;3;02.Jan.2023
485.0;16.34468;3;02.Jan.2023
485.5;16.35779;3;02.Jan.2023
486.0;16.37049;3;02.Jan.2023
486.5;16.38279;3;02.Jan.2023
487.0;16.39466;3;02.Jan.2023
487.5;16.40611;3;02.Jan.2023
488.0;16.41714;3;02.Jan.2023
488.5;16.42774;3;02.Jan.2023
489.0;16.43792;3;02.Jan.2023
489.5;16.44767;3;02.Jan.2023
490.0;16.45698;3;02.Jan.2023
490.5;16.46585;3;02.Jan.2023
491.0;16.4743;3;02.Jan.2023
491.5;16.4823;3;02.Jan.2023
492.0;16.48986;3;02.Jan.2023
492.5;16.49697;3;02.Jan.2023
493.0;16.50364;3;02.Jan.2023
493.5;16.50987;3;02.Jan.2023
494.0;16.51565;3;02.Jan.2023
494.5;16.52098;3;02.Jan.2023
495.0;16.52585;3;02.Jan.2023
495.5;16.53028;3;02.Jan.2023
496.0;16.53425;3;02.Jan.2023
496.5;16.53777;3;02.Jan.2023
497.0;16.54084;3;02.Jan.2023
497.5;16.54345;3;02.Jan.2023
498.0;16.5456;3;02.Jan.2023
498.5;16.5473;3;02.Jan.2023
499.0;16.54854;3;02.Jan.2023
499.5;16.54932;3;02.Jan.2023
400.0;14.63243;4;02.Jan.2027
400.5;14.63268;4;02.Jan.2027
401.0;14.63295;4;02.Jan.2027
401.5;14.63321;4;02.Jan.2027
402.0;14.63348;4;02.Jan.2027
402.5;14.63376;4;02.Jan.2027
403.0;14.63403;4;02.Jan.2027
403.5;14.63431;4;02.Jan.2027
404.0;14.63459;4;02.Jan.2027
404.5;14.63488;4;02.Jan.2027
405.0;14.63516;4;02.Jan.2027
405.5;14.63545;4;02.Jan.2027
406.0;14.63575;4;02.Jan.2027
406.5;14.63604;4;02.Jan.2027
407.0;14.63634;4;02.Jan.2027
407.5;14.63665;4;02.Jan.2027
408.0;14.63695;4;02.Jan.2027
408.5;14.63726;4;02.Jan.2027
409.0;14.63757;4;02.Jan.2027
409.5;14.63789;4;02.Jan.2027
410.0;14.6382;4;02.Jan.2027
410.5;14.63853;4;02.Jan.2027
411.0;14.63885;4;02.Jan.2027
411.5;14.63917;4;02.Jan.2027
412.0;14.6395;4;02.Jan.2027
412.5;14.63984;4;02.Jan.2027
413.0;14.64017;4;02.Jan.2027
413.5;14.64051;4;02.Jan.2027
414.0;14.64085;4;02.Jan.2027
414.5;14.64119;4;02.Jan.2027
415.0;14.64154;4;02.Jan.2027
415.5;14.64189;4;02.Jan.2027
416.0;14.64224;4;02.Jan.2027
416.5;14.64259;4;02.Jan.2027
417.0;14.64295;4;02.Jan.2027
417.5;14.64331;4;02.Jan.2027
418.0;14.64367;4;02.Jan.2027
418.5;14.64404;4;02.Jan.2027
419.0;14.6444;4;02.Jan.2027
419.5;14.64477;4;02.Jan.2027
420.0;14.64514;4;02.Jan.2027
420.5;14.64552;4;02.Jan.2027
421.0;14.6459;4;02.Jan.2027
421.5;14.64628;4;02.Jan.2027
422.0;14.64666;4;02.Jan.2027
422.5;14.64704;4;02.Jan.2027
423.0;14.64743;4;02.Jan.2027
423.5;14.64782;4;02.Jan.2027
424.0;14.64821;4;02.Jan.2027
424.5;14.6486;4;02.Jan.2027
425.0;14.649;4;02.Jan.2027
425.5;14.6494;4;02.Jan.2027
426.0;14.6498;4;02.Jan.2027
426.5;14.6502;4;02.Jan.2027
427.0;14.6506;4;02.Jan.2027
427.5;14.65101;4;02.Jan.2027
428.0;14.65142;4;02.Jan.2027
428.5;14.65183;4;02.Jan.2027
429.0;14.65224;4;02.Jan.2027
429.5;14.65265;4;02.Jan.2027
430.0;14.65307;4;02.Jan.2027
430.5;14.65349;4;02.Jan.2027
431.0;14.65391;4;02.Jan.2027
431.5;14.65433;4;02.Jan.2027
432.0;14.65475;4;02.Jan.2027
432.5;14.65517;4;02.Jan.2027
433.0;14.6556;4;02.Jan.2027
433.5;14.65603;4;02.Jan.2027
434.0;14.65646;4;02.Jan.2027
434.5;14.65689;4;02.Jan.2027
435.0;14.65732;4;02.Jan.2027
435.5;14.65775;4;02.Jan.2027
436.0;14.65819;4;02.Jan.2027
436.5;14.65862;4;02.Jan.2027
437.0;14.65906;4;02.Jan.2027
437.5;14.6595;4;02.Jan.2027
438.0;14.65994;4;02.Jan.2027
438.5;14.66038;4;02.Jan.2027
439.0;14.66082;4;02.Jan.2027
439.5;14.66126;4;02.Jan.2027
440.0;14.66171;4;02.Jan.2027
440.5;14.66215;4;02.Jan.2027
441.0;14.6626;4;02.Jan.2027
441.5;14.66304;4;02.Jan.2027
442.0;14.66349;4;02.Jan.2027
442.5;14.66394;4;02.Jan.2027
443.0;14.66439;4;02.Jan.2027
443.5;14.66484;4;02.Jan.2027
444.0;14.66529;4;02.Jan.2027
444.5;14.66574;4;02.Jan.2027
445.0;14.66619;4;02.Jan.2027
445.5;14.66664;4;02.Jan.2027
446.0;14.66709;4;02.Jan.2027
446.5;14.66755;4;02.Jan.2027
447.0;14.668;4;02.Jan.2027
447.5;14.66845;4;02.Jan.2027
448.0;14.6689;4;02.Jan.2027
448.5;14.66936;4;02.Jan.2027
449.0;14.66981;4;02.Jan.2027
449.5;14.67027;4;02.Jan.2027
450.0;14.67072;4;02.Jan.2027
450.5;14.67117;4;02.Jan.2027
451.0;14.67163;4;02.Jan.2027
451.5;14.67208;4;02.Jan.2027
452.0;14.67253;4;02.Jan.2027
452.5;14.67299;4;02.Jan.2027
453.0;14.67344;4;02.Jan.2027
453.5;14.67389;4;02.Jan.2027
454.0;14.67434;4;02.Jan.2027
454.5;14.6748;4;02.Jan.2027
455.0;14.67525;4;02.Jan.2027
455.5;14.6757;4;02.Jan.2027
456.0;14.67615;4;02.Jan.2027
456.5;14.6766;4;02.Jan.2027
457.0;14.67705;4;02.Jan.2027
457.5;14.6775;4;02.Jan.2027
458.0;14.67794;4;02.Jan.2027
458.5;14.67839;4;02.Jan.2027
459.0;14.67884;4;02.Jan.2027
459.5;14.67928;4;02.Jan.2027
460.0;14.67973;4;02.Jan.2027
460.5;14.68017;4;02.Jan.2027
461.0;14.68061;4;02.Jan.2027
461.5;14.68105;4;02.Jan.2027
462.0;14.68149;4;02.Jan.2027
462.5;14.68193;4;02.Jan.2027
463.0;14.68237;4;02.Jan.2027
463.5;14.68281;4;02.Jan.2027
464.0;14.68324;4;02.Jan.2027
464.5;14.68368;4;02.Jan.2027
465.0;14.68411;4;02.Jan.2027
465.5;14.68454;4;02.Jan.2027
466.0;14.68497;4;02.Jan.2027
466.5;14.6854;4;02.Jan.2027
467.0;14.68583;4;02.Jan.2027
467.5;14.68625;4;02.Jan.2027
468.0;14.68667;4;02.Jan.2027
468.5;14.6871;4;02.Jan.2027
469.0;14.68752;4;02.Jan.2027
469.5;14.68793;4;02.Jan.2027
470.0;14.68835;4;02.Jan.2027
470.5;14.68877;4;02.Jan.2027
471.0;14.68918;4;02.Jan.2027
471.5;14.68959;4;02.Jan.2027
472.0;14.69;4;02.Jan.2027
472.5;14.69041;4;02.Jan.2027
473.0;14.69081;4;02.Jan.2027
473.5;14.69122;4;02.Jan.2027
474.0;14.69162;4;02.Jan.2027
474.5;14.69202;4;02.Jan.2027
475.0;14.69241;4;02.Jan.2027
475.5;14.69281;4;02.Jan.2027
476.0;14.6932;4;02.Jan.2027
476.5;14.69359;4;02.Jan.2027
477.0;14.69398;4;02.Jan.2027
477.5;14.69436;4;02.Jan.2027
478.0;14.69475;4;02.Jan.2027
478.5;14.69513;4;02.Jan.2027
479.0;14.69551;4;02.Jan.2027
479.5;14.69588;4;02.Jan.2027
480.0;14.69626;4;02.Jan.2027
480.5;14.69663;4;02.Jan.2027
481.0;14.697;4;02.Jan.2027
481.5;14.69736;4;02.Jan.2027
482.0;14.69773;4;02.Jan.2027
482.5;14.69809;4;02.Jan.2027
483.0;14.69844;4;02.Jan.2027
483.5;14.6988;4;02.Jan.2027
484.0;14.69915;4;02.Jan.2027
484.5;14.6995;4;02.Jan.2027
485.0;14.69985;4;02.Jan.2027
485.5;14.7002;4;02.Jan.2027
486.0;14.70054;4;02.Jan.2027
486.5;14.70088;4;02.Jan.2027
487.0;14.70121;4;02.Jan.2027
487.5;14.70155;4;02.Jan.2027
488.0;14.70188;4;02.Jan.2027
488.5;14.7022;4;02.Jan.2027
489.0;14.70253;4;02.Jan.2027
489.5;14.70285;4;02.Jan.2027
490.0;14.70317;4;02.Jan.2027
490.5;14.70349;4;02.Jan.2027
491.0;14.7038;4;02.Jan.2027
491.5;14.70411;4;02.Jan.2027
492.0;14.70442;4;02.Jan.2027
492.5;14.70472;4;02.Jan.2027
493.0;14.70502;4;02.Jan.2027
493.5;14.70532;4;02.Jan.2027
494.0;14.70562;4;02.Jan.2027
494.5;14.70591;4;02.Jan.2027
495.0;14.7062;4;02.Jan.2027
495.5;14.70648;4;02.Jan.2027
496.0;14.70677;4;02.Jan.2027
496.5;14.70705;4;02.Jan.2027
497.0;14.70733;4;02.Jan.2027
497.5;14.7076;4;02.Jan.2027
498.0;14.70787;4;02.Jan.2027
498.5;14.70814;4;02.Jan.2027
499.0;14.7084;4;02.Jan.2027
499.5;14.70866;4;02.Jan.2027
