DEPTH;RV;TIME_INDEX;DATES
400.0;0.0;0;01.Jan.2022
400.5;0.0;0;01.Jan.2022
401.0;0.0;0;01.Jan.2022
401.5;0.0;0;01.Jan.2022
402.0;0.0;0;01.Jan.2022
402.5;0.0;0;01.Jan.2022
403.0;0.0;0;01.Jan.2022
403.5;0.0;0;01.Jan.2022
404.0;0.0;0;01.Jan.2022
404.5;0.0;0;01.Jan.2022
405.0;0.0;0;01.Jan.2022
405.5;0.0;0;01.Jan.2022
406.0;0.0;0;01.Jan.2022
406.5;0.0;0;01.Jan.2022
407.0;0.0;0;01.Jan.2022
407.5;0.0;0;01.Jan.2022
408.0;0.0;0;01.Jan.2022
408.5;0.0;0;01.Jan.2022
409.0;0.0;0;01.Jan.2022
409.5;0.0;0;01.Jan.2022
410.0;0.0;0;01.Jan.2022
410.5;0.0;0;01.Jan.2022
411.0;0.0;0;01.Jan.2022
411.5;0.0;0;01.Jan.2022
412.0;0.0;0;01.Jan.2022
412.5;0.0;0;01.Jan.2022
413.0;0.0;0;01.Jan.2022
413.5;0.0;0;01.Jan.2022
414.0;0.0;0;01.Jan.2022
414.5;0.0;0;01.Jan.2022
415.0;0.0;0;01.Jan.2022
415.5;0.0;0;01.Jan.2022
416.0;0.0;0;01.Jan.2022
416.5;0.0;0;01.Jan.2022
417.0;0.0;0;01.Jan.2022
417.5;0.0;0;01.Jan.2022
418.0;0.0;0;01.Jan.2022
418.5;0.0;0;01.Jan.2022
419.0;0.0;0;01.Jan.2022
419.5;0.0;0;01.Jan.2022
420.0;0.0;0;01.Jan.2022
420.5;0.0;0;01.Jan.2022
421.0;0.0;0;01.Jan.2022
421.5;0.0;0;01.Jan.2022
422.0;0.0;0;01.Jan.2022
422.5;0.0;0;01.Jan.2022
423.0;0.0;0;01.Jan.2022
423.5;0.0;0;01.Jan.2022
424.0;0.0;0;01.Jan.2022
424.5;0.0;0;01.Jan.2022
425.0;0.0;0;01.Jan.2022
425.5;0.0;0;01.Jan.2022
426.0;0.0;0;01.Jan.2022
426.5;0.0;0;01.Jan.2022
427.0;0.0;0;01.Jan.2022
427.5;0.0;0;01.Jan.2022
428.0;0.0;0;01.Jan.2022
428.5;0.0;0;01.Jan.2022
429.0;0.0;0;01.Jan.2022
429.5;0.0;0;01.Jan.2022
430.0;0.0;0;01.Jan.2022
430.5;0.0;0;01.Jan.2022
431.0;0.0;0;01.Jan.2022
431.5;0.0;0;01.Jan.2022
432.0;0.0;0;01.Jan.2022
432.5;0.0;0;01.Jan.2022
433.0;0.0;0;01.Jan.2022
433.5;0.0;0;01.Jan.2022
434.0;0.0;0;01.Jan.2022
434.5;0.0;0;01.Jan.2022
435.0;0.0;0;01.Jan.2022
435.5;0.0;0;01.Jan.2022
436.0;0.0;0;01.Jan.2022
436.5;0.0;0;01.Jan.2022
437.0;0.0;0;01.Jan.2022
437.5;0.0;0;01.Jan.2022
438.0;0.0;0;01.Jan.2022
438.5;0.0;0;01.Jan.2022
439.0;0.0;0;01.Jan.2022
439.5;0.0;0;01.Jan.2022
440.0;0.0;0;01.Jan.2022
440.5;0.0;0;01.Jan.2022
441.0;0.0;0;01.Jan.2022
441.5;0.0;0;01.Jan.2022
442.0;0.0;0;01.Jan.2022
442.5;0.0;0;01.Jan.2022
443.0;0.0;0;01.Jan.2022
443.5;0.0;0;01.Jan.2022
444.0;0.0;0;01.Jan.2022
444.5;0.0;0;01.Jan.2022
445.0;0.0;0;01.Jan.2022
445.5;0.0;0;01.Jan.2022
446.0;0.0;0;01.Jan.2022
446.5;0.0;0;01.Jan.2022
447.0;0.0;0;01.Jan.2022
447.5;0.0;0;01.Jan.2022
448.0;0.0;0;01.Jan.2022
448.5;0.0;0;01.Jan.2022
449.0;1e-05;0;01.Jan.2022
449.5;0.00314;0;01.Jan.2022
450.0;0.99668;0;01.Jan.2022
450.5;0.99999;0;01.Jan.2022
451.0;1.0;0;01.Jan.2022
451.5;1.0;0;01.Jan.2022
452.0;1.0;0;01.Jan.2022
452.5;1.0;0;01.Jan.2022
453.0;1.0;0;01.Jan.2022
453.5;1.0;0;01.Jan.2022
454.0;1.0;0;01.Jan.2022
454.5;1.0;0;01.Jan.2022
455.0;1.0;0;01.Jan.2022
455.5;1.0;0;01.Jan.2022
456.0;1.0;0;01.Jan.2022
456.5;1.0;0;01.Jan.2022
457.0;1.0;0;01.Jan.2022
457.5;1.0;0;01.Jan.2022
458.0;1.0;0;01.Jan.2022
458.5;1.0;0;01.Jan.2022
459.0;1.0;0;01.Jan.2022
459.5;1.0;0;01.Jan.2022
460.0;1.0;0;01.Jan.2022
460.5;1.0;0;01.Jan.2022
461.0;1.0;0;01.Jan.2022
461.5;1.0;0;01.Jan.2022
462.0;1.0;0;01.Jan.2022
462.5;1.0;0;01.Jan.2022
463.0;1.0;0;01.Jan.2022
463.5;1.0;0;01.Jan.2022
464.0;1.0;0;01.Jan.2022
464.5;1.0;0;01.Jan.2022
465.0;1.0;0;01.Jan.2022
465.5;1.0;0;01.Jan.2022
466.0;1.0;0;01.Jan.2022
466.5;1.0;0;01.Jan.2022
467.0;1.0;0;01.Jan.2022
467.5;1.0;0;01.Jan.2022
468.0;1.0;0;01.Jan.2022
468.5;1.0;0;01.Jan.2022
469.0;1.0;0;01.Jan.2022
469.5;1.0;0;01.Jan.2022
470.0;1.0;0;01.Jan.2022
470.5;1.0;0;01.Jan.2022
471.0;1.0;0;01.Jan.2022
471.5;1.0;0;01.Jan.2022
472.0;1.0;0;01.Jan.2022
472.5;1.0;0;01.Jan.2022
473.0;1.0;0;01.Jan.2022
473.5;1.0;0;01.Jan.2022
474.0;1.0;0;01.Jan.2022
474.5;1.0;0;01.Jan.2022
475.0;1.0;0;01.Jan.2022
475.5;1.0;0;01.Jan.2022
476.0;1.0;0;01.Jan.2022
476.5;1.0;0;01.Jan.2022
477.0;1.0;0;01.Jan.2022
477.5;1.0;0;01.Jan.2022
478.0;1.0;0;01.Jan.2022
478.5;1.0;0;01.Jan.2022
479.0;1.0;0;01.Jan.2022
479.5;1.0;0;01.Jan.2022
480.0;1.0;0;01.Jan.2022
480.5;1.0;0;01.Jan.2022
481.0;1.0;0;01.Jan.2022
481.5;1.0;0;01.Jan.2022
482.0;1.0;0;01.Jan.2022
482.5;1.0;0;01.Jan.2022
483.0;1.0;0;01.Jan.2022
483.5;1.0;0;01.Jan.2022
484.0;1.0;0;01.Jan.2022
484.5;1.0;0;01.Jan.2022
485.0;1.0;0;01.Jan.2022
485.5;1.0;0;01.Jan.2022
486.0;1.0;0;01.Jan.2022
486.5;1.0;0;01.Jan.2022
487.0;1.0;0;01.Jan.2022
487.5;1.0;0;01.Jan.2022
488.0;1.0;0;01.Jan.2022
488.5;1.0;0;01.Jan.2022
489.0;1.0;0;01.Jan.2022
489.5;1.0;0;01.Jan.2022
490.0;1.0;0;01.Jan.2022
490.5;1.0;0;01.Jan.2022
491.0;1.0;0;01.Jan.2022
491.5;1.0;0;01.Jan.2022
492.0;1.0;0;01.Jan.2022
492.5;1.0;0;01.Jan.2022
493.0;1.0;0;01.Jan.2022
493.5;1.0;0;01.Jan.2022
494.0;1.0;0;01.Jan.2022
494.5;1.0;0;01.Jan.2022
495.0;1.0;0;01.Jan.2022
495.5;1.0;0;01.Jan.2022
496.0;1.0;0;01.Jan.2022
496.5;1.0;0;01.Jan.2022
497.0;1.0;0;01.Jan.2022
497.5;1.0;0;01.Jan.2022
498.0;1.0;0;01.Jan.2022
498.5;1.0;0;01.Jan.2022
499.0;1.0;0;01.Jan.2022
499.5;1.0;0;01.Jan.2022
400.0;0.0;1;04.Jan.2022
400.5;0.0;1;04.Jan.2022
401.0;0.0;1;04.Jan.2022
401.5;0.0;1;04.Jan.2022
402.0;0.0;1;04.Jan.2022
402.5;0.0;1;04.Jan.2022
403.0;0.0;1;04.Jan.2022
403.5;0.0;1;04.Jan.2022
404.0;0.0;1;04.Jan.2022
404.5;0.0;1;04.Jan.2022
405.0;0.0;1;04.Jan.2022
405.5;0.0;1;04.Jan.2022
406.0;0.0;1;04.Jan.2022
406.5;0.0;1;04.Jan.2022
407.0;0.0;1;04.Jan.2022
407.5;0.0;1;04.Jan.2022
408.0;0.0;1;04.Jan.2022
408.5;0.0;1;04.Jan.2022
409.0;1e-05;1;04.Jan.2022
409.5;1e-05;1;04.Jan.2022
410.0;1e-05;1;04.Jan.2022
410.5;1e-05;1;04.Jan.2022
411.0;1e-05;1;04.Jan.2022
411.5;1e-05;1;04.Jan.2022
412.0;1e-05;1;04.Jan.2022
412.5;2e-05;1;04.Jan.2022
413.0;2e-05;1;04.Jan.2022
413.5;2e-05;1;04.Jan.2022
414.0;2e-05;1;04.Jan.2022
414.5;3e-05;1;04.Jan.2022
415.0;3e-05;1;04.Jan.2022
415.5;4e-05;1;04.Jan.2022
416.0;5e-05;1;04.Jan.2022
416.5;5e-05;1;04.Jan.2022
417.0;6e-05;1;04.Jan.2022
417.5;7e-05;1;04.Jan.2022
418.0;8e-05;1;04.Jan.2022
418.5;0.0001;1;04.Jan.2022
419.0;0.00011;1;04.Jan.2022
419.5;0.00013;1;04.Jan.2022
420.0;0.00015;1;04.Jan.2022
420.5;0.00018;1;04.Jan.2022
421.0;0.00021;1;04.Jan.2022
421.5;0.00024;1;04.Jan.2022
422.0;0.00028;1;04.Jan.2022
422.5;0.00032;1;04.Jan.2022
423.0;0.00038;1;04.Jan.2022
423.5;0.00044;1;04.Jan.2022
424.0;0.00051;1;04.Jan.2022
424.5;0.00059;1;04.Jan.2022
425.0;0.00069;1;04.Jan.2022
425.5;0.0008;1;04.Jan.2022
426.0;0.00093;1;04.Jan.2022
426.5;0.00108;1;04.Jan.2022
427.0;0.00126;1;04.Jan.2022
427.5;0.00146;1;04.Jan.2022
428.0;0.0017;1;04.Jan.2022
428.5;0.00197;1;04.Jan.2022
429.0;0.00229;1;04.Jan.2022
429.5;0.00265;1;04.Jan.2022
430.0;0.00308;1;04.Jan.2022
430.5;0.00357;1;04.Jan.2022
431.0;0.00414;1;04.Jan.2022
431.5;0.0048;1;04.Jan.2022
432.0;0.00556;1;04.Jan.2022
432.5;0.00644;1;04.Jan.2022
433.0;0.00746;1;04.Jan.2022
433.5;0.00863;1;04.Jan.2022
434.0;0.00999;1;04.Jan.2022
434.5;0.01155;1;04.Jan.2022
435.0;0.01334;1;04.Jan.2022
435.5;0.01541;1;04.Jan.2022
436.0;0.01779;1;04.Jan.2022
436.5;0.02053;1;04.Jan.2022
437.0;0.02366;1;04.Jan.2022
437.5;0.02726;1;04.Jan.2022
438.0;0.03138;1;04.Jan.2022
438.5;0.03608;1;04.Jan.2022
439.0;0.04145;1;04.Jan.2022
439.5;0.04758;1;04.Jan.2022
440.0;0.05454;1;04.Jan.2022
440.5;0.06245;1;04.Jan.2022
441.0;0.07141;1;04.Jan.2022
441.5;0.08154;1;04.Jan.2022
442.0;0.09295;1;04.Jan.2022
442.5;0.10579;1;04.Jan.2022
443.0;0.12017;1;04.Jan.2022
443.5;0.13624;1;04.Jan.2022
444.0;0.1541;1;04.Jan.2022
444.5;0.17389;1;04.Jan.2022
445.0;0.19571;1;04.Jan.2022
445.5;0.21962;1;04.Jan.2022
446.0;0.24568;1;04.Jan.2022
446.5;0.2739;1;04.Jan.2022
447.0;0.30421;1;04.Jan.2022
447.5;0.33651;1;04.Jan.2022
448.0;0.37061;1;04.Jan.2022
448.5;0.40624;1;04.Jan.2022
449.0;0.44304;1;04.Jan.2022
449.5;0.48059;1;04.Jan.2022
450.0;0.51841;1;04.Jan.2022
450.5;0.556;1;04.Jan.2022
451.0;0.59287;1;04.Jan.2022
451.5;0.62858;1;04.Jan.2022
452.0;0.66279;1;04.Jan.2022
452.5;0.6952;1;04.Jan.2022
453.0;0.72562;1;04.Jan.2022
453.5;0.75394;1;04.Jan.2022
454.0;0.7801;1;04.Jan.2022
454.5;0.80409;1;04.Jan.2022
455.0;0.82598;1;04.Jan.2022
455.5;0.84582;1;04.Jan.2022
456.0;0.86374;1;04.Jan.2022
456.5;0.87984;1;04.Jan.2022
457.0;0.89425;1;04.Jan.2022
457.5;0.9071;1;04.Jan.2022
458.0;0.91853;1;04.Jan.2022
458.5;0.92866;1;04.Jan.2022
459.0;0.93763;1;04.Jan.2022
459.5;0.94554;1;04.Jan.2022
460.0;0.9525;1;04.Jan.2022
460.5;0.95862;1;04.Jan.2022
461.0;0.96398;1;04.Jan.2022
461.5;0.96869;1;04.Jan.2022
462.0;0.9728;1;04.Jan.2022
462.5;0.97639;1;04.Jan.2022
463.0;0.97952;1;04.Jan.2022
463.5;0.98225;1;04.Jan.2022
464.0;0.98462;1;04.Jan.2022
464.5;0.98669;1;04.Jan.2022
465.0;0.98848;1;04.Jan.2022
465.5;0.99004;1;04.Jan.2022
466.0;0.99139;1;04.Jan.2022
466.5;0.99256;1;04.Jan.2022
467.0;0.99358;1;04.Jan.2022
467.5;0.99446;1;04.Jan.2022
468.0;0.99522;1;04.Jan.2022
468.5;0.99587;1;04.Jan.2022
469.0;0.99644;1;04.Jan.2022
469.5;0.99693;1;04.Jan.2022
470.0;0.99735;1;04.Jan.2022
470.5;0.99772;1;04.Jan.2022
471.0;0.99804;1;04.Jan.2022
471.5;0.99831;1;04.Jan.2022
472.0;0.99854;1;04.Jan.2022
472.5;0.99875;1;04.Jan.2022
473.0;0.99892;1;04.Jan.2022
473.5;0.99907;1;04.Jan.2022
474.0;0.9992;1;04.Jan.2022
474.5;0.99931;1;04.Jan.2022
475.0;0.99941;1;04.Jan.2022
475.5;0.99949;1;04.Jan.2022
476.0;0.99956;1;04.Jan.2022
476.5;0.99962;1;04.Jan.2022
477.0;0.99968;1;04.Jan.2022
477.5;0.99972;1;04.Jan.2022
478.0;0.99976;1;04.Jan.2022
478.5;0.99979;1;04.Jan.2022
479.0;0.99982;1;04.Jan.2022
479.5;0.99985;1;04.Jan.2022
480.0;0.99987;1;04.Jan.2022
480.5;0.99989;1;04.Jan.2022
481.0;0.9999;1;04.Jan.2022
481.5;0.99992;1;04.Jan.2022
482.0;0.99993;1;04.Jan.2022
482.5;0.99994;1;04.Jan.2022
483.0;0.99995;1;04.Jan.2022
483.5;0.99995;1;04.Jan.2022
484.0;0.99996;1;04.Jan.2022
484.5;0.99997;1;04.Jan.2022
485.0;0.99997;1;04.Jan.2022
485.5;0.99998;1;04.Jan.2022
486.0;0.99998;1;04.Jan.2022
486.5;0.99998;1;04.Jan.2022
487.0;0.99998;1;04.Jan.2022
487.5;0.99999;1;04.Jan.2022
488.0;0.99999;1;04.Jan.2022
488.5;0.99999;1;04.Jan.2022
489.0;0.99999;1;04.Jan.2022
489.5;0.99999;1;04.Jan.2022
490.0;0.99999;1;04.Jan.2022
490.5;0.99999;1;04.Jan.2022
491.0;1.0;1;04.Jan.2022
491.5;1.0;1;04.Jan.2022
492.0;1.0;1;04.Jan.2022
492.5;1.0;1;04.Jan.2022
493.0;1.0;1;04.Jan.2022
493.5;1.0;1;04.Jan.2022
494.0;1.0;1;04.Jan.2022
494.5;1.0;1;04.Jan.2022
495.0;1.0;1;04.Jan.2022
495.5;1.0;1;04.Jan.2022
496.0;1.0;1;04.Jan.2022
496.5;1.0;1;04.Jan.2022
497.0;1.0;1;04.Jan.2022
497.5;1.0;1;04.Jan.2022
498.0;1.0;1;04.Jan.2022
498.5;1.0;1;04.Jan.2022
499.0;1.0;1;04.Jan.2022
499.5;1.0;1;04.Jan.2022
400.0;0.01739;2;31.Jan.2022
400.5;0.01743;2;31.Jan.2022
401.0;0.01751;2;31.Jan.2022
401.5;0.01764;2;31.Jan.2022
402.0;0.01781;2;31.Jan.2022
402.5;0.01802;2;31.Jan.2022
403.0;0.01828;2;31.Jan.2022
403.5;0.01858;2;31.Jan.2022
404.0;0.01892;2;31.Jan.2022
404.5;0.01931;2;31.Jan.2022
405.0;0.01974;2;31.Jan.2022
405.5;0.02022;2;31.Jan.2022
406.0;0.02075;2;31.Jan.2022
406.5;0.02133;2;31.Jan.2022
407.0;0.02195;2;31.Jan.2022
407.5;0.02263;2;31.Jan.2022
408.0;0.02336;2;31.Jan.2022
408.5;0.02414;2;31.Jan.2022
409.0;0.02498;2;31.Jan.2022
409.5;0.02587;2;31.Jan.2022
410.0;0.02682;2;31.Jan.2022
410.5;0.02783;2;31.Jan.2022
411.0;0.0289;2;31.Jan.2022
411.5;0.03003;2;31.Jan.2022
412.0;0.03123;2;31.Jan.2022
412.5;0.03249;2;31.Jan.2022
413.0;0.03383;2;31.Jan.2022
413.5;0.03523;2;31.Jan.2022
414.0;0.03671;2;31.Jan.2022
414.5;0.03826;2;31.Jan.2022
415.0;0.03989;2;31.Jan.2022
415.5;0.0416;2;31.Jan.2022
416.0;0.0434;2;31.Jan.2022
416.5;0.04528;2;31.Jan.2022
417.0;0.04725;2;31.Jan.2022
417.5;0.04931;2;31.Jan.2022
418.0;0.05147;2;31.Jan.2022
418.5;0.05372;2;31.Jan.2022
419.0;0.05607;2;31.Jan.2022
419.5;0.05853;2;31.Jan.2022
420.0;0.0611;2;31.Jan.2022
420.5;0.06377;2;31.Jan.2022
421.0;0.06657;2;31.Jan.2022
421.5;0.06947;2;31.Jan.2022
422.0;0.0725;2;31.Jan.2022
422.5;0.07566;2;31.Jan.2022
423.0;0.07894;2;31.Jan.2022
423.5;0.08235;2;31.Jan.2022
424.0;0.0859;2;31.Jan.2022
424.5;0.08959;2;31.Jan.2022
425.0;0.09342;2;31.Jan.2022
425.5;0.0974;2;31.Jan.2022
426.0;0.10153;2;31.Jan.2022
426.5;0.10581;2;31.Jan.2022
427.0;0.11025;2;31.Jan.2022
427.5;0.11485;2;31.Jan.2022
428.0;0.11961;2;31.Jan.2022
428.5;0.12455;2;31.Jan.2022
429.0;0.12965;2;31.Jan.2022
429.5;0.13493;2;31.Jan.2022
430.0;0.14039;2;31.Jan.2022
430.5;0.14603;2;31.Jan.2022
431.0;0.15186;2;31.Jan.2022
431.5;0.15787;2;31.Jan.2022
432.0;0.16407;2;31.Jan.2022
432.5;0.17047;2;31.Jan.2022
433.0;0.17705;2;31.Jan.2022
433.5;0.18384;2;31.Jan.2022
434.0;0.19082;2;31.Jan.2022
434.5;0.198;2;31.Jan.2022
435.0;0.20538;2;31.Jan.2022
435.5;0.21296;2;31.Jan.2022
436.0;0.22074;2;31.Jan.2022
436.5;0.22872;2;31.Jan.2022
437.0;0.2369;2;31.Jan.2022
437.5;0.24528;2;31.Jan.2022
438.0;0.25385;2;31.Jan.2022
438.5;0.26262;2;31.Jan.2022
439.0;0.27159;2;31.Jan.2022
439.5;0.28074;2;31.Jan.2022
440.0;0.29008;2;31.Jan.2022
440.5;0.29961;2;31.Jan.2022
441.0;0.30931;2;31.Jan.2022
441.5;0.31918;2;31.Jan.2022
442.0;0.32922;2;31.Jan.2022
442.5;0.33943;2;31.Jan.2022
443.0;0.34978;2;31.Jan.2022
443.5;0.36028;2;31.Jan.2022
444.0;0.37092;2;31.Jan.2022
444.5;0.38169;2;31.Jan.2022
445.0;0.39258;2;31.Jan.2022
445.5;0.40357;2;31.Jan.2022
446.0;0.41467;2;31.Jan.2022
446.5;0.42586;2;31.Jan.2022
447.0;0.43713;2;31.Jan.2022
447.5;0.44846;2;31.Jan.2022
448.0;0.45985;2;31.Jan.2022
448.5;0.47129;2;31.Jan.2022
449.0;0.48275;2;31.Jan.2022
449.5;0.49423;2;31.Jan.2022
450.0;0.50572;2;31.Jan.2022
450.5;0.51721;2;31.Jan.2022
451.0;0.52868;2;31.Jan.2022
451.5;0.54011;2;31.Jan.2022
452.0;0.5515;2;31.Jan.2022
452.5;0.56284;2;31.Jan.2022
453.0;0.57411;2;31.Jan.2022
453.5;0.58531;2;31.Jan.2022
454.0;0.59641;2;31.Jan.2022
454.5;0.60741;2;31.Jan.2022
455.0;0.61831;2;31.Jan.2022
455.5;0.62908;2;31.Jan.2022
456.0;0.63973;2;31.Jan.2022
456.5;0.65024;2;31.Jan.2022
457.0;0.6606;2;31.Jan.2022
457.5;0.67081;2;31.Jan.2022
458.0;0.68086;2;31.Jan.2022
458.5;0.69074;2;31.Jan.2022
459.0;0.70045;2;31.Jan.2022
459.5;0.70998;2;31.Jan.2022
460.0;0.71933;2;31.Jan.2022
460.5;0.72849;2;31.Jan.2022
461.0;0.73746;2;31.Jan.2022
461.5;0.74624;2;31.Jan.2022
462.0;0.75482;2;31.Jan.2022
462.5;0.76321;2;31.Jan.2022
463.0;0.7714;2;31.Jan.2022
463.5;0.77938;2;31.Jan.2022
464.0;0.78717;2;31.Jan.2022
464.5;0.79475;2;31.Jan.2022
465.0;0.80213;2;31.Jan.2022
465.5;0.80932;2;31.Jan.2022
466.0;0.8163;2;31.Jan.2022
466.5;0.82309;2;31.Jan.2022
467.0;0.82968;2;31.Jan.2022
467.5;0.83607;2;31.Jan.2022
468.0;0.84228;2;31.Jan.2022
468.5;0.84829;2;31.Jan.2022
469.0;0.85412;2;31.Jan.2022
469.5;0.85976;2;31.Jan.2022
470.0;0.86522;2;31.Jan.2022
470.5;0.8705;2;31.Jan.2022
471.0;0.8756;2;31.Jan.2022
471.5;0.88054;2;31.Jan.2022
472.0;0.8853;2;31.Jan.2022
472.5;0.8899;2;31.Jan.2022
473.0;0.89434;2;31.Jan.2022
473.5;0.89862;2;31.Jan.2022
474.0;0.90275;2;31.Jan.2022
474.5;0.90672;2;31.Jan.2022
475.0;0.91055;2;31.Jan.2022
475.5;0.91424;2;31.Jan.2022
476.0;0.91778;2;31.Jan.2022
476.5;0.9212;2;31.Jan.2022
477.0;0.92448;2;31.Jan.2022
477.5;0.92763;2;31.Jan.2022
478.0;0.93065;2;31.Jan.2022
478.5;0.93356;2;31.Jan.2022
479.0;0.93635;2;31.Jan.2022
479.5;0.93902;2;31.Jan.2022
480.0;0.94158;2;31.Jan.2022
480.5;0.94404;2;31.Jan.2022
481.0;0.94639;2;31.Jan.2022
481.5;0.94864;2;31.Jan.2022
482.0;0.95079;2;31.Jan.2022
482.5;0.95285;2;31.Jan.2022
483.0;0.95482;2;31.Jan.2022
483.5;0.9567;2;31.Jan.2022
484.0;0.95849;2;31.Jan.2022
484.5;0.9602;2;31.Jan.2022
485.0;0.96183;2;31.Jan.2022
485.5;0.96338;2;31.Jan.2022
486.0;0.96485;2;31.Jan.2022
486.5;0.96626;2;31.Jan.2022
487.0;0.96759;2;31.Jan.2022
487.5;0.96885;2;31.Jan.2022
488.0;0.97004;2;31.Jan.2022
488.5;0.97117;2;31.Jan.2022
489.0;0.97224;2;31.Jan.2022
489.5;0.97325;2;31.Jan.2022
490.0;0.9742;2;31.Jan.2022
490.5;0.97509;2;31.Jan.2022
491.0;0.97592;2;31.Jan.2022
491.5;0.9767;2;31.Jan.2022
492.0;0.97743;2;31.Jan.2022
492.5;0.9781;2;31.Jan.2022
493.0;0.97873;2;31.Jan.2022
493.5;0.9793;2;31.Jan.2022
494.0;0.97983;2;31.Jan.2022
494.5;0.98031;2;31.Jan.2022
495.0;0.98074;2;31.Jan.2022
495.5;0.98113;2;31.Jan.2022
496.0;0.98147;2;31.Jan.2022
496.5;0.98177;2;31.Jan.2022
497.0;0.98203;2;31.Jan.2022
497.5;0.98224;2;31.Jan.2022
498.0;0.98241;2;31.Jan.2022
498.5;0.98253;2;31.Jan.2022
499.0;0.98262;2;31.Jan.2022
499.5;0.98266;2;31.Jan.2022
400.0;0.42145;3;02.Jan.2023
400.5;0.42147;3;02.Jan.2023
401.0;0.42151;3;02.Jan.2023
401.5;0.42157;3;02.Jan.2023
402.0;0.42165;3;02.Jan.2023
402.5;0.42175;3;02.Jan.2023
403.0;0.42186;3;02.Jan.2023
403.5;0.422;3;02.Jan.2023
404.0;0.42216;3;02.Jan.2023
404.5;0.42233;3;02.Jan.2023
405.0;0.42252;3;02.Jan.2023
405.5;0.42274;3;02.Jan.2023
406.0;0.42297;3;02.Jan.2023
406.5;0.42322;3;02.Jan.2023
407.0;0.42349;3;02.Jan.2023
407.5;0.42378;3;02.Jan.2023
408.0;0.42409;3;02.Jan.2023
408.5;0.42442;3;02.Jan.2023
409.0;0.42476;3;02.Jan.2023
409.5;0.42513;3;02.Jan.2023
410.0;0.42551;3;02.Jan.2023
410.5;0.42591;3;02.Jan.2023
411.0;0.42633;3;02.Jan.2023
411.5;0.42677;3;02.Jan.2023
412.0;0.42723;3;02.Jan.2023
412.5;0.4277;3;02.Jan.2023
413.0;0.4282;3;02.Jan.2023
413.5;0.42871;3;02.Jan.2023
414.0;0.42923;3;02.Jan.2023
414.5;0.42978;3;02.Jan.2023
415.0;0.43034;3;02.Jan.2023
415.5;0.43092;3;02.Jan.2023
416.0;0.43152;3;02.Jan.2023
416.5;0.43214;3;02.Jan.2023
417.0;0.43277;3;02.Jan.2023
417.5;0.43342;3;02.Jan.2023
418.0;0.43408;3;02.Jan.2023
418.5;0.43476;3;02.Jan.2023
419.0;0.43546;3;02.Jan.2023
419.5;0.43617;3;02.Jan.2023
420.0;0.4369;3;02.Jan.2023
420.5;0.43764;3;02.Jan.2023
421.0;0.4384;3;02.Jan.2023
421.5;0.43918;3;02.Jan.2023
422.0;0.43997;3;02.Jan.2023
422.5;0.44078;3;02.Jan.2023
423.0;0.4416;3;02.Jan.2023
423.5;0.44243;3;02.Jan.2023
424.0;0.44328;3;02.Jan.2023
424.5;0.44414;3;02.Jan.2023
425.0;0.44502;3;02.Jan.2023
425.5;0.44591;3;02.Jan.2023
426.0;0.44681;3;02.Jan.2023
426.5;0.44773;3;02.Jan.2023
427.0;0.44866;3;02.Jan.2023
427.5;0.4496;3;02.Jan.2023
428.0;0.45056;3;02.Jan.2023
428.5;0.45153;3;02.Jan.2023
429.0;0.45251;3;02.Jan.2023
429.5;0.4535;3;02.Jan.2023
430.0;0.4545;3;02.Jan.2023
430.5;0.45552;3;02.Jan.2023
431.0;0.45654;3;02.Jan.2023
431.5;0.45758;3;02.Jan.2023
432.0;0.45862;3;02.Jan.2023
432.5;0.45968;3;02.Jan.2023
433.0;0.46075;3;02.Jan.2023
433.5;0.46183;3;02.Jan.2023
434.0;0.46291;3;02.Jan.2023
434.5;0.46401;3;02.Jan.2023
435.0;0.46511;3;02.Jan.2023
435.5;0.46623;3;02.Jan.2023
436.0;0.46735;3;02.Jan.2023
436.5;0.46848;3;02.Jan.2023
437.0;0.46962;3;02.Jan.2023
437.5;0.47076;3;02.Jan.2023
438.0;0.47191;3;02.Jan.2023
438.5;0.47307;3;02.Jan.2023
439.0;0.47424;3;02.Jan.2023
439.5;0.47541;3;02.Jan.2023
440.0;0.47659;3;02.Jan.2023
440.5;0.47778;3;02.Jan.2023
441.0;0.47897;3;02.Jan.2023
441.5;0.48016;3;02.Jan.2023
442.0;0.48136;3;02.Jan.2023
442.5;0.48257;3;02.Jan.2023
443.0;0.48378;3;02.Jan.2023
443.5;0.48499;3;02.Jan.2023
444.0;0.48621;3;02.Jan.2023
444.5;0.48743;3;02.Jan.2023
445.0;0.48865;3;02.Jan.2023
445.5;0.48988;3;02.Jan.2023
446.0;0.49111;3;02.Jan.2023
446.5;0.49234;3;02.Jan.2023
447.0;0.49358;3;02.Jan.2023
447.5;0.49481;3;02.Jan.2023
448.0;0.49605;3;02.Jan.2023
448.5;0.49729;3;02.Jan.2023
449.0;0.49853;3;02.Jan.2023
449.5;0.49977;3;02.Jan.2023
450.0;0.50101;3;02.Jan.2023
450.5;0.50225;3;02.Jan.2023
451.0;0.50348;3;02.Jan.2023
451.5;0.50472;3;02.Jan.2023
452.0;0.50596;3;02.Jan.2023
452.5;0.50719;3;02.Jan.2023
453.0;0.50843;3;02.Jan.2023
453.5;0.50966;3;02.Jan.2023
454.0;0.51089;3;02.Jan.2023
454.5;0.51212;3;02.Jan.2023
455.0;0.51334;3;02.Jan.2023
455.5;0.51456;3;02.Jan.2023
456.0;0.51578;3;02.Jan.2023
456.5;0.51699;3;02.Jan.2023
457.0;0.5182;3;02.Jan.2023
457.5;0.51941;3;02.Jan.2023
458.0;0.52061;3;02.Jan.2023
458.5;0.5218;3;02.Jan.2023
459.0;0.52299;3;02.Jan.2023
459.5;0.52418;3;02.Jan.2023
460.0;0.52536;3;02.Jan.2023
460.5;0.52653;3;02.Jan.2023
461.0;0.52769;3;02.Jan.2023
461.5;0.52885;3;02.Jan.2023
462.0;0.53001;3;02.Jan.2023
462.5;0.53115;3;02.Jan.2023
463.0;0.53229;3;02.Jan.2023
463.5;0.53342;3;02.Jan.2023
464.0;0.53454;3;02.Jan.2023
464.5;0.53565;3;02.Jan.2023
465.0;0.53676;3;02.Jan.2023
465.5;0.53785;3;02.Jan.2023
466.0;0.53894;3;02.Jan.2023
466.5;0.54001;3;02.Jan.2023
467.0;0.54108;3;02.Jan.2023
467.5;0.54214;3;02.Jan.2023
468.0;0.54318;3;02.Jan.2023
468.5;0.54422;3;02.Jan.2023
469.0;0.54524;3;02.Jan.2023
469.5;0.54626;3;02.Jan.2023
470.0;0.54726;3;02.Jan.2023
470.5;0.54825;3;02.Jan.2023
471.0;0.54923;3;02.Jan.2023
471.5;0.5502;3;02.Jan.2023
472.0;0.55115;3;02.Jan.2023
472.5;0.55209;3;02.Jan.2023
473.0;0.55302;3;02.Jan.2023
473.5;0.55394;3;02.Jan.2023
474.0;0.55484;3;02.Jan.2023
474.5;0.55573;3;02.Jan.2023
475.0;0.55661;3;02.Jan.2023
475.5;0.55747;3;02.Jan.2023
476.0;0.55832;3;02.Jan.2023
476.5;0.55915;3;02.Jan.2023
477.0;0.55997;3;02.Jan.2023
477.5;0.56078;3;02.Jan.2023
478.0;0.56157;3;02.Jan.2023
478.5;0.56234;3;02.Jan.2023
479.0;0.5631;3;02.Jan.2023
479.5;0.56384;3;02.Jan.2023
480.0;0.56457;3;02.Jan.2023
480.5;0.56528;3;02.Jan.2023
481.0;0.56598;3;02.Jan.2023
481.5;0.56666;3;02.Jan.2023
482.0;0.56732;3;02.Jan.2023
482.5;0.56797;3;02.Jan.2023
483.0;0.5686;3;02.Jan.2023
483.5;0.56922;3;02.Jan.2023
484.0;0.56981;3;02.Jan.2023
484.5;0.57039;3;02.Jan.2023
485.0;0.57096;3;02.Jan.2023
485.5;0.5715;3;02.Jan.2023
486.0;0.57203;3;02.Jan.2023
486.5;0.57254;3;02.Jan.2023
487.0;0.57303;3;02.Jan.2023
487.5;0.5735;3;02.Jan.2023
488.0;0.57396;3;02.Jan.2023
488.5;0.5744;3;02.Jan.2023
489.0;0.57482;3;02.Jan.2023
489.5;0.57522;3;02.Jan.2023
490.0;0.5756;3;02.Jan.2023
490.5;0.57597;3;02.Jan.2023
491.0;0.57631;3;02.Jan.2023
491.5;0.57664;3;02.Jan.2023
492.0;0.57695;3;02.Jan.2023
492.5;0.57724;3;02.Jan.2023
493.0;0.57751;3;02.Jan.2023
493.5;0.57776;3;02.Jan.2023
494.0;0.57799;3;02.Jan.2023
494.5;0.5782;3;02.Jan.2023
495.0;0.5784;3;02.Jan.2023
495.5;0.57857;3;02.Jan.2023
496.0;0.57873;3;02.Jan.2023
496.5;0.57886;3;02.Jan.2023
497.0;0.57898;3;02.Jan.2023
497.5;0.57908;3;02.Jan.2023
498.0;0.57915;3;02.Jan.2023
498.5;0.57921;3;02.Jan.2023
499.0;0.57925;3;02.Jan.2023
499.5;0.57927;3;02.Jan.2023
400.0;0.4999;4;02.Jan.2027
400.5;0.4999;4;02.Jan.2027
401.0;0.4999;4;02.Jan.2027
401.5;0.4999;4;02.Jan.2027
402.0;0.4999;4;02.Jan.2027
402.5;0.4999;4;02.Jan.2027
403.0;0.4999;4;02.Jan.2027
403.5;0.4999;4;02.Jan.2027
404.0;0.4999;4;02.Jan.2027
404.5;0.49991;4;02.Jan.2027
405.0;0.49991;4;02.Jan.2027
405.5;0.49991;4;02.Jan.2027
406.0;0.49991;4;02.Jan.2027
406.5;0.49991;4;02.Jan.2027
407.0;0.49991;4;02.Jan.2027
407.5;0.49992;4;02.Jan.2027
408.0;0.49992;4;02.Jan.2027
408.5;0.49992;4;02.Jan.2027
409.0;0.49992;4;02.Jan.2027
409.5;0.49992;4;02.Jan.2027
410.0;0.49993;4;02.Jan.2027
410.5;0.49993;4;02.Jan.2027
411.0;0.49993;4;02.Jan.2027
411.5;0.49994;4;02.Jan.2027
412.0;0.49994;4;02.Jan.2027
412.5;0.49994;4;02.Jan.2027
413.0;0.49994;4;02.Jan.2027
413.5;0.49995;4;02.Jan.2027
414.0;0.49995;4;02.Jan.2027
414.5;0.49996;4;02.Jan.2027
415.0;0.49996;4;02.Jan.2027
415.5;0.49996;4;02.Jan.2027
416.0;0.49997;4;02.Jan.2027
416.5;0.49997;4;02.Jan.2027
417.0;0.49998;4;02.Jan.2027
417.5;0.49998;4;02.Jan.2027
418.0;0.49998;4;02.Jan.2027
418.5;0.49999;4;02.Jan.2027
419.0;0.49999;4;02.Jan.2027
419.5;0.5;4;02.Jan.2027
420.0;0.5;4;02.Jan.2027
420.5;0.50001;4;02.Jan.2027
421.0;0.50001;4;02.Jan.2027
421.5;0.50002;4;02.Jan.2027
422.0;0.50002;4;02.Jan.2027
422.5;0.50003;4;02.Jan.2027
423.0;0.50004;4;02.Jan.2027
423.5;0.50004;4;02.Jan.2027
424.0;0.50005;4;02.Jan.2027
424.5;0.50005;4;02.Jan.2027
425.0;0.50006;4;02.Jan.2027
425.5;0.50006;4;02.Jan.2027
426.0;0.50007;4;02.Jan.2027
426.5;0.50008;4;02.Jan.2027
427.0;0.50008;4;02.Jan.2027
427.5;0.50009;4;02.Jan.2027
428.0;0.5001;4;02.Jan.2027
428.5;0.5001;4;02.Jan.2027
429.0;0.50011;4;02.Jan.2027
429.5;0.50012;4;02.Jan.2027
430.0;0.50012;4;02.Jan.2027
430.5;0.50013;4;02.Jan.2027
431.0;0.50014;4;02.Jan.2027
431.5;0.50014;4;02.Jan.2027
432.0;0.50015;4;02.Jan.2027
432.5;0.50016;4;02.Jan.2027
433.0;0.50016;4;02.Jan.2027
433.5;0.50017;4;02.Jan.2027
434.0;0.50018;4;02.Jan.2027
434.5;0.50019;4;02.Jan.2027
435.0;0.50019;4;02.Jan.2027
435.5;0.5002;4;02.Jan.2027
436.0;0.50021;4;02.Jan.2027
436.5;0.50022;4;02.Jan.2027
437.0;0.50022;4;02.Jan.2027
437.5;0.50023;4;02.Jan.2027
438.0;0.50024;4;02.Jan.2027
438.5;0.50025;4;02.Jan.2027
439.0;0.50026;4;02.Jan.2027
439.5;0.50026;4;02.Jan.2027
440.0;0.50027;4;02.Jan.2027
440.5;0.50028;4;02.Jan.2027
441.0;0.50029;4;02.Jan.2027
441.5;0.5003;4;02.Jan.2027
442.0;0.5003;4;02.Jan.2027
442.5;0.50031;4;02.Jan.2027
443.0;0.50032;4;02.Jan.2027
443.5;0.50033;4;02.Jan.2027
444.0;0.50034;4;02.Jan.2027
444.5;0.50034;4;02.Jan.2027
445.0;0.50035;4;02.Jan.2027
445.5;0.50036;4;02.Jan.2027
446.0;0.50037;4;02.Jan.2027
446.5;0.50038;4;02.Jan.2027
447.0;0.50039;4;02.Jan.2027
447.5;0.50039;4;02.Jan.2027
448.0;0.5004;4;02.Jan.2027
448.5;0.50041;4;02.Jan.2027
449.0;0.50042;4;02.Jan.2027
449.5;0.50043;4;02.Jan.2027
450.0;0.50044;4;02.Jan.2027
450.5;0.50044;4;02.Jan.2027
451.0;0.50045;4;02.Jan.2027
451.5;0.50046;4;02.Jan.2027
452.0;0.50047;4;02.Jan.2027
452.5;0.50048;4;02.Jan.2027
453.0;0.50049;4;02.Jan.2027
453.5;0.50049;4;02.Jan.2027
454.0;0.5005;4;02.Jan.2027
454.5;0.50051;4;02.Jan.2027
455.0;0.50052;4;02.Jan.2027
455.5;0.50053;4;02.Jan.2027
456.0;0.50054;4;02.Jan.2027
456.5;0.50054;4;02.Jan.2027
457.0;0.50055;4;02.Jan.2027
457.5;0.50056;4;02.Jan.2027
458.0;0.50057;4;02.Jan.2027
458.5;0.50058;4;02.Jan.2027
459.0;0.50058;4;02.Jan.2027
459.5;0.50059;4;02.Jan.2027
460.0;0.5006;4;02.Jan.2027
460.5;0.50061;4;02.Jan.2027
461.0;0.50062;4;02.Jan.2027
461.5;0.50062;4;02.Jan.2027
462.0;0.50063;4;02.Jan.2027
462.5;0.50064;4;02.Jan.2027
463.0;0.50065;4;02.Jan.2027
463.5;0.50065;4;02.Jan.2027
464.0;0.50066;4;02.Jan.2027
464.5;0.50067;4;02.Jan.2027
465.0;0.50068;4;02.Jan.2027
465.5;0.50068;4;02.Jan.2027
466.0;0.50069;4;02.Jan.2027
466.5;0.5007;4;02.Jan.2027
467.0;0.50071;4;02.Jan.2027
467.5;0.50071;4;02.Jan.2027
468.0;0.50072;4;02.Jan.2027
468.5;0.50073;4;02.Jan.2027
469.0;0.50073;4;02.Jan.2027
469.5;0.50074;4;02.Jan.2027
470.0;0.50075;4;02.Jan.2027
470.5;0.50075;4;02.Jan.2027
471.0;0.50076;4;02.Jan.2027
471.5;0.50077;4;02.Jan.2027
472.0;0.50077;4;02.Jan.2027
472.5;0.50078;4;02.Jan.2027
473.0;0.50079;4;02.Jan.2027
473.5;0.50079;4;02.Jan.2027
474.0;0.5008;4;02.Jan.2027
474.5;0.5008;4;02.Jan.2027
475.0;0.50081;4;02.Jan.2027
475.5;0.50082;4;02.Jan.2027
476.0;0.50082;4;02.Jan.2027
476.5;0.50083;4;02.Jan.2027
477.0;0.50083;4;02.Jan.2027
477.5;0.50084;4;02.Jan.2027
478.0;0.50084;4;02.Jan.2027
478.5;0.50085;4;02.Jan.2027
479.0;0.50085;4;02.Jan.2027
479.5;0.50086;4;02.Jan.2027
480.0;0.50086;4;02.Jan.2027
480.5;0.50087;4;02.Jan.2027
481.0;0.50087;4;02.Jan.2027
481.5;0.50088;4;02.Jan.2027
482.0;0.50088;4;02.Jan.2027
482.5;0.50089;4;02.Jan.2027
483.0;0.50089;4;02.Jan.2027
483.5;0.5009;4;02.Jan.2027
484.0;0.5009;4;02.Jan.2027
484.5;0.5009;4;02.Jan.2027
485.0;0.50091;4;02.Jan.2027
485.5;0.50091;4;02.Jan.2027
486.0;0.50091;4;02.Jan.2027
486.5;0.50092;4;02.Jan.2027
487.0;0.50092;4;02.Jan.2027
487.5;0.50092;4;02.Jan.2027
488.0;0.50093;4;02.Jan.2027
488.5;0.50093;4;02.Jan.2027
489.0;0.50093;4;02.Jan.2027
489.5;0.50094;4;02.Jan.2027
490.0;0.50094;4;02.Jan.2027
490.5;0.50094;4;02.Jan.2027
491.0;0.50094;4;02.Jan.2027
491.5;0.50095;4;02.Jan.2027
492.0;0.50095;4;02.Jan.2027
492.5;0.50095;4;02.Jan.2027
493.0;0.50095;4;02.Jan.2027
493.5;0.50095;4;02.Jan.2027
494.0;0.50095;4;02.Jan.2027
494.5;0.50096;4;02.Jan.2027
495.0;0.50096;4;02.Jan.2027
495.5;0.50096;4;02.Jan.2027
496.0;0.50096;4;02.Jan.2027
496.5;0.50096;4;02.Jan.2027
497.0;0.50096;4;02.Jan.2027
497.5;0.50096;4;02.Jan.2027
498.0;0.50096;4;02.Jan.2027
498.5;0.50096;4;02.Jan.2027
499.0;0.50096;4;02.Jan.2027
499.5;0.50096;4;02.Jan.2027
