Distance (m);450 m,Gas Mass Density,2022-Jan-01,Case_2_revised_Final_v8.sr3 (kg/m3);450 m,Gas Mass Density,2022-Jan-04,Case_2_revised_Final_v8.sr3 (kg/m3);450 m,Gas Mass Density,2022-Jan-31,Case_2_revised_Final_v8.sr3 (kg/m3);450 m,Gas Mass Density,2023-Jan-01,Case_2_revised_Final_v8.sr3 (kg/m3);450 m,Gas Mass Density,2027-Jan-01,Case_2_revised_Final_v8.sr3 (kg/m3)
0;25.53889275;25.53351975;25.18781662;14.65001202;14.0989666
0.5;25.53889275;25.53351975;25.18647575;14.6498785;14.0989666
1;25.53889275;25.53351975;25.18379021;14.64961147;14.09896565
1.5;25.53889275;25.53351975;25.17975617;14.64920998;14.09896469
2;25.53889275;25.53351784;25.17436409;14.64867306;14.09896374
2.5;25.53889275;25.53351784;25.16761017;14.64800167;14.09896183
3;25.53889275;25.53351784;25.15947723;14.64719486;14.09895897
3.5;25.53889275;25.53351784;25.14995766;14.64625549;14.09895611
4;25.53889275;25.53351593;25.13903427;14.64518166;14.09895325
4.5;25.53889275;25.53351402;25.12668991;14.64397526;14.09894943
5;25.53889275;25.53351212;25.1129055;14.64263535;14.09894562
5.5;25.53889275;25.53351021;25.09766007;14.64116192;14.09894085
6;25.53889275;25.5335083;25.08093071;14.63955689;14.09893608
6.5;25.53889275;25.53350639;25.06268883;14.63781929;14.09893036
7;25.53889275;25.53350258;25.04291153;14.63595104;14.09892464
7.5;25.53889275;25.53349876;25.02156448;14.63395119;14.09891796
8;25.53889275;25.53349495;24.99861908;14.63181973;14.09891129
8.5;25.53889275;25.53349114;24.97404099;14.62955952;14.09890461
9;25.53889275;25.53348541;24.94779205;14.62716675;14.09889698
9.5;25.53889275;25.53347969;24.91983604;14.62464523;14.09888935
10;25.53889275;25.53347397;24.8901329;14.62199307;14.09888077
10.5;25.53889275;25.53346634;24.85864639;14.6192112;14.09887219
11;25.53889275;25.5334568;24.82533073;14.61629963;14.09886265
11.5;25.53889275;25.53344727;24.79014778;14.61326122;14.09885311
12;25.53889275;25.53343582;24.75305176;14.61009502;14.09884262
12.5;25.53889275;25.53342056;24.7140007;14.60680389;14.09883213
13;25.53889275;25.5334053;24.67294502;14.60338879;14.09882164
13.5;25.53889275;25.53338623;24.62984276;14.59985161;14.0988102
14;25.53889275;25.53336334;24.58464241;14.59619236;14.09879875
14.5;25.53889275;25.53333664;24.5372963;14.5924139;14.09878635
15;25.53889275;25.53330421;24.48775673;14.58851719;14.09877396
15.5;25.53889275;25.53326607;24.43597412;14.58450222;14.09876156
16;25.53889275;25.53322029;24.38189697;14.5803709;14.09874821
16.5;25.53889275;25.53316689;24.32547951;14.57612419;14.0987339
17;25.53889275;25.53310394;24.26667023;14.57176209;14.09872055
17.5;25.53889275;25.53302765;24.20542145;14.56728649;14.09870625
18;25.53889275;25.5329361;24.14168167;14.56269741;14.09869099
18.5;25.53889275;25.53282738;24.07540321;14.5579958;14.09867573
19;25.53889275;25.53269577;24.00653839;14.55318356;14.09866047
19.5;25.53889275;25.53253937;23.93503761;14.54826164;14.09864426
20;25.53889275;25.53235436;23.86085892;14.54323101;14.09862804
20.5;25.53889275;25.53212929;23.78395462;14.53809261;14.09861183
21;25.53889275;25.53186226;23.70427895;14.53284931;14.09859467
21.5;25.53889275;25.53154182;23.62179184;14.52750015;14.0985775
22;25.53889275;25.53115845;23.53644753;14.52204895;14.09855938
22.5;25.53889275;25.53069878;23.44820976;14.51649475;14.09854126
23;25.53889275;25.53014946;23.35703659;14.51084137;14.09852314
23.5;25.53889275;25.52949143;23.26289558;14.50508976;14.09850407
24;25.53889275;25.52870369;23.1657505;14.49924088;14.09848499
24.5;25.53889275;25.52775955;23.06556702;14.49329472;14.09846497
25;25.53889275;25.52663422;22.96231842;14.48725414;14.09844494
25.5;25.53889275;25.52528763;22.85597229;14.48112106;14.098423
26;25.53889275;25.52367783;22.74650192;14.47489643;14.09840202
26.5;25.53889275;25.52175713;22.63388443;14.46858311;14.09838009
27;25.53889275;25.51946259;22.51810074;14.46218205;14.09835815
27.5;25.53889275;25.51672745;22.3991375;14.4556942;14.09833527
28;25.53889275;25.51346779;22.27697945;14.44912052;14.09831238
28.5;25.53889275;25.50958443;22.15162087;14.44246388;14.09828949
29;25.53889275;25.50496483;22.02305222;14.43572426;14.09826565
29.5;25.53889275;25.49946785;21.89127731;14.42890549;14.09824181
30;25.53889275;25.492939;21.75629425;14.42200756;14.09821796
30.5;25.53889275;25.48518944;21.61811066;14.41503239;14.09819412
31;25.53889275;25.47599793;21.47673607;14.40798187;14.09816933
31.5;25.53889275;25.46511269;21.33218002;14.40085888;14.09814453
32;25.53889275;25.45223045;21.1844635;14.39366341;14.09811974
32.5;25.53889275;25.437006;21.03360748;14.38639927;14.09809494
33;25.53889275;25.41903496;20.87963677;14.37906742;14.09806919
33.5;25.53889275;25.39785194;20.72258186;14.37167168;14.09804344
34;25.53889275;25.37291718;20.56247902;14.36421108;14.09801769
34.5;25.53889275;25.34361458;20.39936256;14.35669136;14.09799194
35;25.53889275;25.3092308;20.23327828;14.3491106;14.09796524
35.5;25.53889275;25.26895523;20.06427002;14.34147263;14.09793949
36;25.53889275;25.22186279;19.89239502;14.33377838;14.09791279
36.5;25.53889275;25.16691208;19.71770477;14.32602787;14.09788513
37;25.53889275;25.10292053;19.54026032;14.31822491;14.09785843
37.5;25.53889275;25.02857018;19.36012459;14.31036949;14.09783173
38;25.53889275;24.94238663;19.17736816;14.30246353;14.09780407
38.5;25.53889275;24.84274674;18.99205971;14.29450893;14.09777641
39;25.53889275;24.72785759;18.80427742;14.28650856;14.09774876
39.5;25.53889275;24.59577179;18.6140995;14.27846146;14.0977211
40;25.53889275;24.44438744;18.42161179;14.27037334;14.09769344
40.5;25.53889275;24.27145577;18.2269001;14.26224327;14.09766483
41;25.53889275;24.07461739;18.030056;14.2540741;14.09763718
41.5;25.53889275;23.85141182;17.83117676;14.24586964;14.09760857
42;25.53889275;23.59933662;17.63035965;14.23762989;14.09757996
42.5;25.53889275;23.31588745;17.42770577;14.22935867;14.09755135
43;25.53889275;22.99863815;17.2233181;14.22105694;14.09752274
43.5;25.53889275;22.64530182;17.01730537;14.21272659;14.09749413
44;25.53889275;22.25384522;16.8097744;14.20437145;14.09746552
44.5;25.53889275;21.82257271;16.60083771;14.19599247;14.09743595
45;25.53889275;21.35025406;16.39060974;14.1875906;14.09740734
45.5;25.53889275;20.83622742;16.17920685;14.17917061;14.09737778
46;25.53889275;20.2805233;15.96674824;14.1707325;14.09734917
46.5;25.53889275;19.68396187;15.75335026;14.16227818;14.0973196
47;25.53889275;19.04824066;15.53913593;14.15381146;14.09729099
47.5;25.53889275;18.37599182;15.32422829;14.14533329;14.09726143
48;25.53889275;17.67080307;15.10875034;14.13684559;14.09723187
48.5;25.53889275;16.93719101;14.89282894;14.12835026;14.09720326
49;25.53889275;16.18053627;14.67658711;14.11985016;14.09717369
49.5;25.53889275;15.40695095;14.4601469;14.1113472;14.09714413
50;25.46403885;14.62310314;14.24363422;14.10284424;14.09711456
50.5;2.947889805;13.83601761;14.02716923;14.09434223;14.097085
51;2.947889805;13.05281735;13.81087494;14.08584309;14.09705639
51.5;2.947889805;12.28049374;13.59487057;14.07735062;14.09702683
52;2.947889805;11.52565575;13.379282;14.06886578;14.09699726
52.5;2.947889805;10.79433632;13.16423321;14.06039047;14.0969677
53;2.947889805;10.09180927;12.94984627;14.05192757;14.09693909
53.5;2.947889805;9.422484398;12.73624611;14.04347801;14.09690952
54;2.947889805;8.789834023;12.52355862;14.03504467;14.09688091
54.5;2.947889805;8.196377754;12.31191254;14.02662945;14.09685135
55;2.947889805;7.64370966;12.10142517;14.01823425;14.09682274
55.5;2.947889805;7.132564068;11.89221096;14.00986099;14.09679318
56;2.947889805;6.662897587;11.68438149;14.00151253;14.09676457
56.5;2.947889805;6.234000206;11.47804642;13.99319077;14.09673595
57;2.947889805;5.8446064;11.27331448;13.98489666;14.09670734
57.5;2.947889805;5.49300909;11.07029057;13.97663403;14.09667873
58;2.947889805;5.177170277;10.86906719;13.96840382;14.09665012
58.5;2.947889805;4.894822598;10.66976452;13.96020889;14.09662151
59;2.947889805;4.643556118;10.47246933;13.95205116;14.09659386
59.5;2.947889805;4.420897484;10.27727509;13.94393253;14.09656525
60;2.947889805;4.224372864;10.08427048;13.93585491;14.09653759
60.5;2.947889805;4.051559925;9.893543243;13.92782116;14.09650993
61;2.947889805;3.900128365;9.705171585;13.91983223;14.09648228
61.5;2.947889805;3.767870903;9.519236565;13.91189098;14.09645462
62;2.947889805;3.652710199;9.335806847;13.90399838;14.09642696
62.5;2.947889805;3.552722931;9.154956818;13.89615631;14.09640026
63;2.947889805;3.466143131;8.976747513;13.8883667;14.09637356
63.5;2.947889805;3.39136219;8.801245689;13.88063145;14.0963459
64;2.947889805;3.326924801;8.628503799;13.87295055;14.09632015
64.5;2.947889805;3.271523476;8.458580971;13.86532688;14.09629345
65;2.947889805;3.223990679;8.29152298;13.85776138;14.09626675
65.5;2.947889805;3.183288336;8.127379417;13.85025597;14.096241
66;2.947889805;3.148499727;7.966187;13.84281158;14.09621525
66.5;2.947889805;3.118816614;7.80798769;13.8354311;14.0961895
67;2.947889805;3.093531609;7.652810097;13.82811546;14.0961647
67.5;2.947889805;3.072025776;7.500687599;13.82086754;14.09613895
68;2.947889805;3.053761005;7.351640701;13.81369019;14.09611416
68.5;2.947889805;3.038269758;7.205695629;13.80658341;14.09608936
69;2.947889805;3.025148392;7.062865734;13.79955101;14.09606552
69.5;2.947889805;3.014047384;6.923167706;13.79259491;14.09604168
70;2.947889805;3.004666805;6.786607742;13.7857151;14.09601784
70.5;2.947889805;2.996748686;6.653193474;13.7789135;14.095994
71;2.947889805;2.990071774;6.522925377;13.77219296;14.09597015
71.5;2.947889805;2.984447002;6.395806789;13.76555443;14.09594727
72;2.947889805;2.979713202;6.271831036;13.75899983;14.09592438
72.5;2.947889805;2.975732803;6.150993824;13.7525301;14.09590244
73;2.947889805;2.972388268;6.033281326;13.74614716;14.09588051
73.5;2.947889805;2.96958065;5.918683052;13.73985195;14.09585857
74;2.947889805;2.967225075;5.807179451;13.73364639;14.09583664
74.5;2.947889805;2.965250492;5.698753357;13.72753239;14.09581566
75;2.947889805;2.963596344;5.593377113;13.72151089;14.09579563
75.5;2.947889805;2.962211609;5.491025925;13.71558476;14.0957756
76;2.947889805;2.961052895;5.391669273;13.70975399;14.09575653
76.5;2.947889805;2.960083962;5.295275688;13.70402145;14.09573746
77;2.947889805;2.959274054;5.201817036;13.69838715;14.09571934
77.5;2.947889805;2.958597422;5.111254215;13.69285202;14.09570122
78;2.947889805;2.95803237;5.023556233;13.68741894;14.09568405
78.5;2.947889805;2.957561016;4.938683033;13.68208981;14.09566593
79;2.947889805;2.957167625;4.856601715;13.67686462;14.09564972
79.5;2.947889805;2.9568398;4.77726984;13.6717453;14.09563255
80;2.947889805;2.956566572;4.700648785;13.66673374;14.09561634
80.5;2.947889805;2.956338882;4.626695156;13.66182995;14.09560108
81;2.947889805;2.95614934;4.555369854;13.65703583;14.09558582
81.5;2.947889805;2.955991507;4.486627579;13.65235329;14.09557056
82;2.947889805;2.955860376;4.42042923;13.64778233;14.09555531
82.5;2.947889805;2.955751181;4.356725693;13.6433239;14.095541
83;2.947889805;2.955660343;4.295475483;13.63897896;14.09552765
83.5;2.947889805;2.955584765;4.236629486;13.63474846;14.09551334
84;2.947889805;2.95552206;4.180146694;13.63063335;14.09550095
84.5;2.947889805;2.955469847;4.12597847;13.6266346;14.0954876
85;2.947889805;2.955426455;4.074083805;13.62275314;14.0954752
85.5;2.947889805;2.955390215;4.024414063;13.61898994;14.0954628
86;2.947889805;2.955360174;3.976928473;13.61534596;14.09545136
86.5;2.947889805;2.95533514;3.931579351;13.61182308;14.09544087
87;2.947889805;2.955314159;3.88832593;13.60842323;14.09542942
87.5;2.947889805;2.955296993;3.847123146;13.60514641;14.09541893
88;2.947889805;2.95528245;3.807932138;13.60199547;14.09540939
88.5;2.947889805;2.955270529;3.770709276;13.59897041;14.09539986
89;2.947889805;2.955260754;3.735418081;13.59607601;14.09539032
89.5;2.947889805;2.955252647;3.702016354;13.59330845;14.09538174
90;2.947889805;2.955245972;3.670469999;13.59067154;14.09537411
90.5;2.947889805;2.955240488;3.640738726;13.58816433;14.09536552
91;2.947889805;2.955235958;3.612790108;13.58578777;14.09535885
91.5;2.947889805;2.955232382;3.586587191;13.58354092;14.09535122
92;2.947889805;2.955229282;3.56209898;13.58142376;14.09534454
92.5;2.947889805;2.955226898;3.539292574;13.5794363;14.09533882
93;2.947889805;2.955224752;3.518139362;13.57757855;14.0953331
93.5;2.947889805;2.955222845;3.498611689;13.57585239;14.09532738
94;2.947889805;2.955221415;3.480685234;13.5742569;14.09532261
94.5;2.947889805;2.955219984;3.464335203;13.57279205;14.09531784
95;2.947889805;2.95521903;3.449542522;13.57146072;14.09531403
95.5;2.947889805;2.955218077;3.436284781;13.570261;14.09531021
96;2.947889805;2.955217362;3.424546957;13.56919384;14.09530735
96.5;2.947889805;2.955216646;3.414310455;13.56826019;14.09530449
97;2.947889805;2.955216408;3.405564785;13.56745911;14.09530258
97.5;2.947889805;2.955216169;3.39829421;13.56679058;14.09530067
98;2.947889805;2.955215931;3.392492056;13.56625843;14.09529972
98.5;2.947889805;2.955215931;3.388146877;13.5658598;14.09529877
99;2.947889805;2.955215931;3.38525486;13.56559467;14.09529781
99.5;2.947889805;2.955215931;3.383808374;13.56546211;14.09529781
