Distance (m);450 m,Global Mole Fraction(H2),2022-Jan-01,Case_2_revised_Final_v8.sr3;450 m,Global Mole Fraction(H2),2022-Jan-04,Case_2_revised_Final_v8.sr3;450 m,Global Mole Fraction(H2),2022-Jan-31,Case_2_revised_Final_v8.sr3;450 m,Global Mole Fraction(H2),2023-Jan-01,Case_2_revised_Final_v8.sr3;450 m,Global Mole Fraction(H2),2027-Jan-01,Case_2_revised_Final_v8.sr3
0;0;3.08E-08;0.014136286;0.45431447;0.47890982
0.5;0;3.16E-08;0.014188336;0.454320431;0.47890982
1;0;3.33E-08;0.014292577;0.454332292;0.47890985
1.5;0;3.59E-08;0.014449109;0.454350144;0.47890991
2;0;3.97E-08;0.014658375;0.454374015;0.478909969
2.5;0;4.47E-08;0.014920572;0.454403877;0.478910059
3;0;5.13E-08;0.015236259;0.454439729;0.478910148
3.5;0;7.47E-09;0.015605844;0.454481542;0.478910297
4;0;2.88E-08;0.016030034;0.454529256;0.478910446
4.5;0;5.14E-08;0.016509449;0.4545829;0.478910595
5;0;8.13E-08;0.017044926;0.454642504;0.478910774
5.5;0;1.14E-07;0.017637303;0.45470801;0.478910983
6;0;1.57E-07;0.018287541;0.454779387;0.478911191
6.5;0;2.06E-07;0.01899668;0.454856634;0.47891143
7;0;2.68E-07;0.019765796;0.454939753;0.478911698
7.5;0;3.39E-07;0.020596154;0.455028683;0.478911996
8;0;4.26E-07;0.02148903;0.455123454;0.478912294
8.5;0;5.28E-07;0.022445833;0.455223978;0.478912592
9;0;6.51E-07;0.023468053;0.455330372;0.47891295
9.5;0;7.97E-07;0.024557184;0.455442518;0.478913307
10;0;9.71E-07;0.025714885;0.455560505;0.478913665
10.5;0;1.18E-06;0.026942737;0.455684215;0.478914052
11;0;1.43E-06;0.028242515;0.455813706;0.478914469
11.5;0;1.73E-06;0.029615909;0.455948859;0.478914917
12;0;2.08E-06;0.031064773;0.456089705;0.478915364
12.5;0;2.51E-06;0.032590941;0.456236094;0.47891584
13;0;3.03E-06;0.034196343;0.456388026;0.478916317
13.5;0;3.65E-06;0.035882954;0.456545383;0.478916824
14;0;4.41E-06;0.03765282;0.456708163;0.478917331
14.5;0;5.32E-06;0.039507985;0.456876278;0.478917867
15;0;6.42E-06;0.04145059;0.457049638;0.478918433
15.5;0;7.74E-06;0.043482713;0.457228273;0.478918999
16;0;9.34E-06;0.045606531;0.457412094;0.478919595
16.5;0;1.13E-05;0.047824159;0.45760107;0.478920221
17;0;1.36E-05;0.050137796;0.457795143;0.478920847
17.5;0;1.64E-05;0.052549627;0.457994342;0.478921473
18;0;1.97E-05;0.055061892;0.458198547;0.478922158
18.5;0;2.38E-05;0.057676777;0.458407789;0.478922814
19;0;2.86E-05;0.060396511;0.458621949;0.478923529
19.5;0;3.45E-05;0.063223228;0.458841026;0.478924245
20;0;4.15E-05;0.06615904;0.45906496;0.47892496
20.5;0;4.99E-05;0.069206141;0.459293664;0.478925705
21;0;6.01E-05;0.07236664;0.459527105;0.47892645
21.5;0;7.22E-05;0.075642698;0.459765226;0.478927225
22;0;8.68E-05;0.079036355;0.460007936;0.47892803
22.5;0;0.000104359;0.082549624;0.460255206;0.478928834
23;0;0.000125381;0.086184487;0.460506916;0.478929639
23.5;0;0.000150585;0.089942753;0.460763067;0.478930473
24;0;0.000180787;0.093826383;0.46102351;0.478931338
24.5;0;0.000216956;0.09783718;0.461288333;0.478932232
25;0;0.000260236;0.101976804;0.461557329;0.478933156
25.5;0;0.000312016;0.106247015;0.461830497;0.478934109
26;0;0.000373933;0.110649496;0.462107748;0.478935063
26.5;0;0.000447917;0.115185767;0.462388992;0.478936046
27;0;0.000536266;0.119857147;0.462674171;0.47893706
27.5;0;0.000641692;0.124664873;0.462963194;0.478938073
28;0;0.000767409;0.129610032;0.463256061;0.478939086
28.5;0;0.000917204;0.134693697;0.463552684;0.478940099
29;0;0.001095546;0.139916718;0.463852972;0.478941172
29.5;0;0.001307694;0.145279825;0.464156866;0.478942215
30;0;0.001559829;0.150783628;0.464464277;0.478943288
30.5;0;0.001859209;0.156428576;0.464775145;0.478944361
31;0;0.002214325;0.162215039;0.465089411;0.478945464
31.5;0;0.002635118;0.168143243;0.465406954;0.478946567
32;0;0.003133172;0.174213141;0.465727717;0.478947669
32.5;0;0.003721993;0.180424616;0.466051549;0.478948802
33;0;0.004417248;0.186777309;0.46637845;0.478949934
33.5;0;0.005237109;0.193270788;0.466708243;0.478951097
34;0;0.006202538;0.199904323;0.467040896;0.478952229
34.5;0;0.007337698;0.206677154;0.467376262;0.478953421
35;0;0.008670376;0.213588178;0.467714369;0.478954583
35.5;0;0.010232395;0.220636234;0.46805504;0.478955776
36;0;0.01206002;0.22781983;0.468398273;0.478956968
36.5;0;0.014194471;0.235137418;0.46874398;0.47895816
37;0;0.016682345;0.242587164;0.469092101;0.478959352
37.5;0;0.019576129;0.250167131;0.469442576;0.478960574
38;0;0.02293456;0.257875085;0.469795346;0.478961796
38.5;0;0.026823055;0.265708715;0.470150292;0.478963047
39;0;0.031313948;0.273665428;0.470507383;0.478964269
39.5;0;0.036486793;0.281742543;0.470866501;0.478965521
40;0;0.04242824;0.28993699;0.471227527;0.478966773
40.5;0;0.049231876;0.298245668;0.471590459;0.478968024
41;0;0.056997642;0.306665212;0.471955091;0.478969276
41.5;0;0.065831125;0.315192074;0.472321421;0.478970557
42;0;0.075842224;0.323822528;0.472689301;0.478971809
42.5;0;0.087143481;0.332552671;0.473058671;0.478973091
43;0;0.099847704;0.34137848;0.473429382;0.478974372
43.5;0;0.114065185;0.350295663;0.473801404;0.478975654
44;0;0.129900053;0.359299928;0.474174589;0.478976965
44.5;0;0.147446245;0.368386656;0.474548876;0.478978246
45;0;0.166782603;0.377551198;0.474924177;0.478979558
45.5;0;0.187967762;0.386788696;0.475300372;0.478980839
46;0;0.211034477;0.396094203;0.475677401;0.478982151
46.5;0;0.235984221;0.405462652;0.476055115;0.478983462
47;0;0.262781829;0.41488874;0.476433486;0.478984743
47.5;0;0.291351229;0.424367219;0.476812392;0.478986055
48;0;0.321572185;0.433892608;0.477191746;0.478987366
48.5;0;0.353279114;0.443459272;0.477571458;0.478988677
49;0;0.386261702;0.45306173;0.477951437;0.478989989
49.5;0;0.420268655;0.462694496;0.478331566;0.4789913
50;0;0.45501411;0.47235173;0.478711754;0.478992611
50.5;1;0.490185618;0.482027888;0.479091913;0.478993922
51;1;0.525455594;0.491717398;0.479471952;0.478995264
51.5;1;0.560492575;0.501414478;0.479851753;0.478996575
52;1;0.594974101;0.511113286;0.480231255;0.478997886
52.5;1;0.628597021;0.520807981;0.480610341;0.478999197
53;1;0.661088347;0.530492485;0.48098895;0.479000479
53.5;1;0.692212403;0.540161014;0.481366932;0.47900179
54;1;0.721775949;0.54980731;0.48174426;0.479003102
54.5;1;0.74963069;0.559425056;0.482120782;0.479004413
55;1;0.775673449;0.569008529;0.48249647;0.479005694
55.5;1;0.799844086;0.578552008;0.482871175;0.479007006
56;1;0.822121978;0.588049829;0.483244807;0.479008287
56.5;1;0.842521369;0.59749645;0.483617306;0.479009569
57;1;0.861085832;0.606886327;0.483988553;0.47901085
57.5;1;0.877883136;0.616214037;0.48435843;0.479012132
58;1;0.892999291;0.625474811;0.484726906;0.479013413
58.5;1;0.906533599;0.634662509;0.485093832;0.479014665
59;1;0.918594301;0.643772423;0.485459119;0.479015917
59.5;1;0.929294348;0.652799726;0.485822678;0.479017198
60;1;0.938747942;0.661739588;0.486184418;0.47901845
60.5;1;0.947068095;0.670587361;0.486544251;0.479019672
61;1;0.95436424;0.679338813;0.486902088;0.479020923
61.5;1;0.960740626;0.687989533;0.487257808;0.479022145
62;1;0.966295779;0.696535587;0.487611413;0.479023367
62.5;1;0.971121252;0.704972982;0.487962753;0.479024589
63;1;0.975301385;0.713298261;0.488311768;0.479025781
63.5;1;0.978913069;0.721507609;0.488658398;0.479026973
64;1;0.9820261;0.729597986;0.489002585;0.479028165
64.5;1;0.984703243;0.737566054;0.489344269;0.479029357
65;1;0.987000644;0.745409071;0.48968333;0.47903052
65.5;1;0.988968313;0.753124118;0.490019768;0.479031682
66;1;0.990650296;0.760708869;0.490353435;0.479032844
66.5;1;0.992085695;0.76816076;0.49068433;0.479033977
67;1;0.993308485;0.775478005;0.491012305;0.479035109
67.5;1;0.994348645;0.782658458;0.49133727;0.479036242
68;1;0.995232105;0.789700568;0.491659105;0.479037344
68.5;1;0.995981455;0.796602666;0.491977781;0.479038447
69;1;0.996616244;0.803363621;0.492293149;0.47903955
69.5;1;0.997153282;0.809982121;0.49260515;0.479040623
70;1;0.997607112;0.81645757;0.492913723;0.479041696
70.5;1;0.997990191;0.822789013;0.49321878;0.479042739
71;1;0.998313248;0.828976035;0.49352023;0.479043782
71.5;1;0.998585403;0.835018098;0.493818045;0.479044825
72;1;0.998814464;0.840915143;0.494112134;0.479045838
72.5;1;0.999007046;0.846667051;0.494402409;0.479046822
73;1;0.999168932;0.852274001;0.494688779;0.479047835
73.5;1;0.999304771;0.85773623;0.494971275;0.479048818
74;1;0.999418736;0.863054335;0.495249748;0.479049772
74.5;1;0.999514282;0.868228853;0.495524138;0.479050696
75;1;0.999594331;0.873260736;0.495794356;0.47905162
75.5;1;0.999661326;0.87815094;0.496060371;0.479052484
76;1;0.999717414;0.882900596;0.496322066;0.479053348
76.5;1;0.999764323;0.887511075;0.496579409;0.479054213
77;1;0.999803483;0.89198339;0.496832341;0.479055017
77.5;1;0.999836266;0.896319211;0.497080803;0.479055822
78;1;0.999863565;0.900519788;0.497324735;0.479056627
78.5;1;0.999886394;0.904586852;0.497564018;0.479057401
79;1;0.999905467;0.908521831;0.497798622;0.479058146
79.5;1;0.999921322;0.912326515;0.498028487;0.479058892
80;1;0.999934554;0.916002631;0.498253554;0.479059607
80.5;1;0.999945581;0.919552088;0.498473763;0.479060322
81;1;0.9999547;0.922976613;0.498689055;0.479061008
81.5;1;0.999962389;0.926278293;0.49889937;0.479061693
82;1;0.999968708;0.929458737;0.499104679;0.479062349
82.5;1;0.999974012;0.93252033;0.49930492;0.479062974
83;1;0.999978364;0.935464859;0.499500066;0.4790636
83.5;1;0.999982059;0.93829459;0.499690086;0.479064226
84;1;0.999985099;0.941011429;0.499874949;0.479064792
84.5;1;0.999987602;0.943617642;0.500054598;0.479065388
85;1;0.999989688;0.946115017;0.500229001;0.479065925
85.5;1;0.999991477;0.948505938;0.50039804;0.479066461
86;1;0.999992907;0.950792193;0.500561774;0.479066998
86.5;1;0.999994159;0.952976048;0.500720024;0.479067504
87;1;0.999995172;0.955059409;0.500872791;0.479067981
87.5;1;0.999996006;0.957044363;0.501020014;0.479068428
88;1;0.999996662;0.958932698;0.501161575;0.479068875
88.5;1;0.999997258;0.960726559;0.501297534;0.479069322
89;1;0.999997735;0.962427616;0.501427591;0.47906971
89.5;1;0.999998152;0.964037776;0.501551986;0.479070097
90;1;0.99999845;0.965558767;0.50167048;0.479070485
90.5;1;0.999998689;0.966992378;0.501783133;0.479070842
91;1;0.999998927;0.968340278;0.501889944;0.47907117
91.5;1;0.999999106;0.969604075;0.501990914;0.479071468
92;1;0.999999225;0.97078532;0.502086103;0.479071766
92.5;1;0.999999344;0.971885562;0.502175391;0.479072064
93;1;0.999999464;0.972906113;0.502258897;0.479072303
93.5;1;0.999999583;0.973848343;0.502336502;0.479072541
94;1;0.999999642;0.974713385;0.502408206;0.47907275
94.5;1;0.999999702;0.975502431;0.50247401;0.479072958
95;1;0.999999762;0.976216316;0.502533913;0.479073137
95.5;1;0.999999821;0.976856232;0.502587795;0.479073286
96;1;0.999999821;0.977422774;0.502635777;0.479073435
96.5;1;0.999999881;0.977916837;0.502677739;0.479073554
97;1;0.999999881;0.978339016;0.502713799;0.479073644
97.5;1;0.999999881;0.978689969;0.502743781;0.479073733
98;1;0.999999881;0.978970051;0.502767742;0.479073793
98.5;1;0.999999881;0.979179859;0.502785623;0.479073823
99;1;0.999999881;0.979319453;0.502797604;0.479073852
99.5;1;0.999999881;0.97938931;0.502803504;0.479073882
