File: M:\Spring_2022\H2_Project\Case_1_Final\Case_1_Template_V19_TORTUOSITYDIFF.sr3	
Data: Profile	
Time Step: 2022-Jan-01	
	
Distance (m);Gas Mass Density (kg/m³)
0;25.51097679
0.5;25.51013565
1;25.50929642
1.5;25.50845528
2;25.50761414
2.5;25.5067749
3;25.50593376
3.5;25.50509453
4;25.50425339
4.5;25.50341225
5;25.50257301
5.5;25.50173187
6;25.50089264
6.5;25.5000515
7;25.49921227
7.5;25.49837112
8;25.49753189
8.5;25.49669266
9;25.49585152
9.5;25.49501228
10;25.49417114
10.5;25.49333191
11;25.49249268
11.5;25.49165154
12;25.4908123
12.5;25.48997307
13;25.48913384
13.5;25.48829269
14;25.48745346
14.5;25.48661423
15;25.48577499
15.5;25.48493385
16;25.48409462
16.5;25.48325539
17;25.48241615
17.5;25.48157692
18;25.48073769
18.5;25.47989845
19;25.47905731
19.5;25.47821808
20;25.47737885
20.5;25.47653961
21;25.47570038
21.5;25.47486115
22;25.47402191
22.5;25.47318268
23;25.47234345
23.5;25.47150421
24;25.47066689
24.5;25.46982765
25;25.46898842
25.5;25.46814919
26;25.46730995
26.5;25.46647072
27;25.46563149
27.5;25.46479225
28;25.46395493
28.5;25.46311569
29;25.46227646
29.5;25.46143723
30;25.4605999
30.5;25.45976067
31;25.45892143
31.5;25.4580822
32;25.45724487
32.5;25.45640564
33;25.45556831
33.5;25.45472908
34;25.45388985
34.5;25.45305252
35;25.45221329
35.5;25.45137596
36;25.45053673
36.5;25.4496975
37;25.44886017
37.5;25.44802094
38;25.44718361
38.5;25.44634438
39;25.44550705
39.5;25.44466972
40;25.44383049
40.5;25.44299316
41;25.44215393
41.5;25.44131661
42;25.44047928
42.5;25.43964005
43;25.43880272
43.5;25.43796539
44;25.43712616
44.5;25.43628883
45;25.43545151
45.5;25.43461418
46;25.43377495
46.5;25.43293762
47;25.4321003
47.5;25.43126297
48;25.43042564
48.5;25.42958641
49;25.42874908
49.5;25.42791176
50;2.947960854
50.5;2.947950363
51;2.947939873
51.5;2.947929621
52;2.94791913
52.5;2.94790864
53;2.94789815
53.5;2.947887659
54;2.947877407
54.5;2.947866917
55;2.947856426
55.5;2.947845936
56;2.947835445
56.5;2.947825193
57;2.947814703
57.5;2.947804213
58;2.947793722
58.5;2.947783232
59;2.947772741
59.5;2.947762489
60;2.947751999
60.5;2.947741509
61;2.947731018
61.5;2.947720528
62;2.947710276
62.5;2.947699785
63;2.947689295
63.5;2.947678804
64;2.947668314
64.5;2.947658062
65;2.947647572
65.5;2.947637081
66;2.947626591
66.5;2.9476161
67;2.947605848
67.5;2.947595358
68;2.947584868
68.5;2.947574377
69;2.947563887
69.5;2.947553396
70;2.947543144
70.5;2.947532654
71;2.947522163
71.5;2.947511673
72;2.947501183
72.5;2.947490931
73;2.94748044
73.5;2.94746995
74;2.947459459
74.5;2.947448969
75;2.947438717
75.5;2.947428227
76;2.947417736
76.5;2.947407246
77;2.947396755
77.5;2.947386503
78;2.947376013
78.5;2.947365522
79;2.947355032
79.5;2.947344542
80;2.94733429
80.5;2.947323799
81;2.947313309
81.5;2.947302818
82;2.947292328
82.5;2.947281838
83;2.947271586
83.5;2.947261095
84;2.947250605
84.5;2.947240114
85;2.947229624
85.5;2.947219372
86;2.947208881
86.5;2.947198391
87;2.947187901
87.5;2.94717741
88;2.947167158
88.5;2.947156668
89;2.947146177
89.5;2.947135687
90;2.947125197
90.5;2.947114945
91;2.947104454
91.5;2.947093964
92;2.947083473
92.5;2.947072983
93;2.947062731
93.5;2.94705224
94;2.94704175
94.5;2.94703126
95;2.947020769
95.5;2.947010517
96;2.947000027
96.5;2.946989536
97;2.946979046
97.5;2.946968556
98;2.946958304
98.5;2.946947813
99;2.946937323
99.5;2.946926832
;
File: M:\Spring_2022\H2_Project\Case_1_Final\Case_1_Template_V19_TORTUOSITYDIFF.sr3;
Data: Profile;
Time Step: 2022-Jan-04;
;
Distance (m);Gas Mass Density (kg/m³)
0;25.55358315
0.5;25.552742
1;25.55190277
1.5;25.55106163
2;25.5502243
2.5;25.54938507
3;25.54854775
3.5;25.54771233
4;25.546875
4.5;25.54604149
5;25.54520607
5.5;25.54437447
6;25.54354096
6.5;25.54270935
7;25.54187775
7.5;25.54104805
8;25.54021835
8.5;25.53939056
9;25.53856278
9.5;25.53773499
10;25.5369091
10.5;25.53608322
11;25.53525925
11.5;25.53443527
12;25.5336113
12.5;25.53278923
13;25.53196907
13.5;25.531147
14;25.53032875
14.5;25.52950859
15;25.52869034
15.5;25.52787209
16;25.52705574
16.5;25.5262394
17;25.52542305
17.5;25.52460861
18;25.52379227
18.5;25.52297783
19;25.52216339
19.5;25.52134705
20;25.5205307
20.5;25.51971054
21;25.51888847
21.5;25.51805878
22;25.51722336
22.5;25.5163765
23;25.51551247
23.5;25.51462555
24;25.51370812
24.5;25.51274681
25;25.51172638
25.5;25.51062584
26;25.50941658
26.5;25.50806236
27;25.50651741
27.5;25.50471878
28;25.50259018
28.5;25.50002861
29;25.4969101
29.5;25.49307632
30;25.48833084
30.5;25.48243141
31;25.47508049
31.5;25.46591568
32;25.45450401
32.5;25.44032097
33;25.42275238
33.5;25.40107346
34;25.37444115
34.5;25.3418808
35;25.30228233
35.5;25.2543869
36;25.1967907
36.5;25.1279335
37;25.04611397
37.5;24.94948578
38;24.83608055
38.5;24.70383263
39;24.55059433
39.5;24.37418175
40;24.17243767
40.5;23.94323921
41;23.68456841
41.5;23.39457703
42;23.0716362
42.5;22.71440315
43;22.32188225
43.5;21.89347458
44;21.42902947
44.5;20.92888832
45;20.39390564
45.5;19.82547379
46;19.225523
46.5;18.59650803
47;17.94138718
47.5;17.26357651
48;16.56690025
48.5;15.85552597
49;15.13389111
49.5;14.40661621
50;13.67842197
50.5;12.95403957
51;12.23811626
51.5;11.53513718
52;10.84933376
52.5;10.18461895
53;9.544516563
53.5;8.93211174
54;8.350008011
54.5;7.800302029
55;7.284567356
55.5;6.803857327
56;6.358716488
56.5;5.949203491
57;5.574928761
57.5;5.235096455
58;4.928554535
58.5;4.653850079
59;4.409284592
59.5;4.192973614
60;4.002901077
60.5;3.836971998
61;3.693061829
61.5;3.569058657
62;3.462900877
62.5;3.37260747
63;3.296302557
63.5;3.232233048
64;3.178781986
64.5;3.134473801
65;3.097978592
65.5;3.068108797
66;3.04381609
66.5;3.024183273
67;3.008415461
67.5;2.995830536
68;2.985848188
68.5;2.977978706
69;2.971812487
69.5;2.967010021
70;2.963291884
70.5;2.960430384
71;2.958240271
71.5;2.956573963
72;2.955312491
72.5;2.954362869
73;2.95365119
73.5;2.953119993
74;2.952725172
74.5;2.952432632
75;2.95221591
75.5;2.952055454
76;2.951936483
76.5;2.951847553
77;2.951780796
77.5;2.951730013
78;2.951690674
78.5;2.951659203
79;2.951633692
79.5;2.951612234
80;2.951593638
80.5;2.951577187
81;2.951562166
81.5;2.9515481
82;2.95153451
82.5;2.951521635
83;2.951508999
83.5;2.951496601
84;2.951484442
84.5;2.951472521
85;2.9514606
85.5;2.951448679
86;2.951436758
86.5;2.951425076
87;2.951413393
87.5;2.951401949
88;2.951390266
88.5;2.951378822
89;2.951367378
89.5;2.951355934
90;2.95134449
90.5;2.951333284
91;2.95132184
91.5;2.951310635
92;2.951299429
92.5;2.951288223
93;2.951277256
93.5;2.951266289
94;2.951255083
94.5;2.951244116
95;2.951233387
95.5;2.95122242
96;2.951211691
96.5;2.951200724
97;2.951189995
97.5;2.951179504
98;2.951168776
98.5;2.951158285
99;2.951147556
99.5;2.951137066
;
File: M:\Spring_2022\H2_Project\Case_1_Final\Case_1_Template_V19_TORTUOSITYDIFF.sr3;
Data: Profile;
Time Step: 2022-Jan-31;
;
Distance (m);Gas Mass Density (kg/m³)
0;25.40703011
0.5;25.40504265
1;25.4018898
1.5;25.39757156
2;25.39207649
2.5;25.38539314
3;25.37751007
3.5;25.36841011
4;25.35807419
4.5;25.34647942
5;25.333601
5.5;25.31941414
6;25.30388832
6.5;25.28699112
7;25.2686863
7.5;25.24894142
8;25.22771263
8.5;25.20496178
9;25.18064117
9.5;25.15470886
10;25.12711716
10.5;25.09781075
11;25.06674385
11.5;25.03386116
12;24.99910545
12.5;24.96242142
13;24.92375183
13.5;24.88303566
14;24.84021378
14.5;24.79522324
15;24.74800301
15.5;24.69848824
16;24.64661598
16.5;24.5923214
17;24.53554153
17.5;24.47620964
18;24.41426086
18.5;24.34963417
19;24.28226471
19.5;24.21208572
20;24.13903999
20.5;24.06306267
21;23.98409653
21.5;23.90207863
22;23.81695747
22.5;23.72867394
23;23.63717842
23.5;23.54241562
24;23.44434166
24.5;23.34290886
25;23.23807335
25.5;23.12979698
26;23.01804543
26.5;22.90278053
27;22.78397942
27.5;22.66160965
28;22.53565598
28.5;22.40609741
29;22.27292252
29.5;22.13612366
30;21.99569511
30.5;21.85163879
31;21.70396042
31.5;21.55266953
32;21.39778519
32.5;21.23932648
33;21.0773201
33.5;20.91179657
34;20.74279404
34.5;20.57035637
35;20.39452934
35.5;20.21536636
36;20.03292847
36.5;19.84727669
37;19.6584816
37.5;19.46661758
38;19.27176476
38.5;19.07400894
39;18.87343979
39.5;18.67015076
40;18.46424294
40.5;18.25582123
41;18.04499245
41.5;17.83187103
42;17.61657524
42.5;17.39922333
43;17.17994499
43.5;16.95886421
44;16.7361145
44.5;16.51183128
45;16.28614998
45.5;16.05921364
46;15.83116436
46.5;15.60214424
47;15.37230206
47.5;15.14178371
48;14.9107399
48.5;14.67931938
49;14.4476738
49.5;14.21595287
50;13.98430824
50.5;13.75288963
51;13.52184868
51.5;13.29133511
52;13.06149483
52.5;12.83247757
53;12.60442638
53.5;12.37748718
54;12.1517992
54.5;11.92750263
55;11.7047329
55.5;11.48362351
56;11.26430512
56.5;11.04690361
57;10.83154297
57.5;10.61834335
58;10.40741921
58.5;10.19888306
59;9.992840767
59.5;9.789395332
60;9.588645935
60.5;9.390684128
61;9.195599556
61.5;9.003476143
62;8.814391136
62.5;8.628418922
63;8.445627213
63.5;8.266079903
64;8.089834213
64.5;7.916942596
65;7.747452259
65.5;7.58140564
66;7.418839455
66.5;7.259785652
67;7.104269505
67.5;6.9523139
68;6.803934097
68.5;6.659142017
69;6.517943859
69.5;6.380342007
70;6.246333599
70.5;6.115911007
71;5.989062786
71.5;5.865773201
72;5.746022701
72.5;5.629786968
73;5.517038822
73.5;5.407746792
74;5.301876545
74.5;5.199390411
75;5.100247383
75.5;5.004404545
76;4.911815167
76.5;4.822430134
77;4.736198902
77.5;4.653068543
78;4.572983742
78.5;4.495887756
79;4.421722412
79.5;4.350428581
80;4.281945229
80.5;4.216210842
81;4.153162956
81.5;4.092738628
82;4.034874916
82.5;3.979507923
83;3.926573992
83.5;3.876009703
84;3.827751875
84.5;3.781737566
85;3.73790431
85.5;3.696190596
86;3.656535864
86.5;3.618880034
87;3.583164454
87.5;3.549331904
88;3.517326117
88.5;3.487092495
89;3.458577871
89.5;3.431730747
90;3.406501293
90.5;3.382841826
91;3.360706329
91.5;3.340050697
92;3.320833206
92.5;3.30301404
93;3.286555529
93.5;3.271422386
94;3.257581711
94.5;3.245002747
95;3.233657122
95.5;3.223519325
96;3.214565754
96.5;3.206775904
97;3.200131178
97.5;3.194615841
98;3.190217257
98.5;3.186924219
99;3.184729338
99.5;3.183627129
;
File: M:\Spring_2022\H2_Project\Case_1_Final\Case_1_Template_V19_TORTUOSITYDIFF.sr3;
Data: Profile;
Time Step: 2023-Jan-01;
;
Distance (m);Gas Mass Density (kg/m³)
0;15.76058674
0.5;15.75990486
1;15.75884438
1.5;15.75740719
2;15.75559235
2.5;15.7534008
3;15.7508316
3.5;15.74788761
4;15.74456787
4.5;15.74087429
5;15.73680687
5.5;15.73236752
6;15.72755528
6.5;15.72237396
7;15.71682262
7.5;15.71090412
8;15.70461941
8.5;15.69796944
9;15.69095612
9.5;15.68358135
10;15.6758461
10.5;15.66775417
11;15.65930557
11.5;15.65050411
12;15.64134979
12.5;15.63184643
13;15.62199593
13.5;15.61180115
14;15.601264
14.5;15.59038639
15;15.57917309
15.5;15.56762409
16;15.55574513
16.5;15.54353619
17;15.531003
17.5;15.51814652
18;15.5049715
18.5;15.49147987
19;15.47767544
19.5;15.46356106
20;15.4491415
20.5;15.43441963
21;15.41939926
21.5;15.40408325
22;15.38847637
22.5;15.37258148
23;15.35640335
23.5;15.33994579
24;15.32321262
24.5;15.30620766
25;15.28893566
25.5;15.27140141
26;15.25360775
26.5;15.23555946
27;15.21726131
27.5;15.19871807
28;15.1799345
28.5;15.16091347
29;15.14166164
29.5;15.12218285
30;15.10248184
30.5;15.08256435
31;15.0624342
31.5;15.04209614
32;15.0215559
32.5;15.00081825
33;14.97988892
33.5;14.95877171
34;14.9374733
34.5;14.91599751
35;14.89435101
35.5;14.87253761
36;14.850564
36.5;14.82843399
37;14.80615521
37.5;14.78373146
38;14.76116848
38.5;14.73847199
39;14.71564865
39.5;14.69270134
40;14.66963863
40.5;14.64646435
41;14.62318516
41.5;14.59980583
42;14.57633209
42.5;14.55277062
43;14.52912617
43.5;14.50540638
44;14.48161411
44.5;14.45775795
45;14.43384171
45.5;14.40987301
46;14.38585663
46.5;14.36179829
47;14.33770371
47.5;14.31357956
48;14.28943157
48.5;14.26526642
49;14.24108791
49.5;14.21690369
50;14.19271851
50.5;14.16853905
51;14.14437103
51.5;14.12022018
52;14.09609318
52.5;14.07199478
53;14.04793072
53.5;14.02390862
54;13.99993229
54.5;13.97600842
55;13.95214367
55.5;13.92834282
56;13.90461159
56.5;13.8809557
57;13.85738182
57.5;13.83389568
58;13.8105011
58.5;13.78720665
59;13.7640152
59.5;13.74093437
60;13.71796894
60.5;13.69512367
61;13.6724062
61.5;13.64982033
62;13.62737274
62.5;13.60506725
63;13.58291054
63.5;13.56090832
64;13.53906441
64.5;13.51738548
65;13.49587631
65.5;13.47454262
66;13.45338821
66.5;13.43241978
67;13.41164112
67.5;13.39105797
68;13.37067509
68.5;13.35049725
69;13.33053017
69.5;13.31077766
70;13.29124546
70.5;13.27193737
71;13.25285816
71.5;13.23401356
72;13.21540642
72.5;13.19704247
73;13.17892551
73.5;13.16106033
74;13.14345169
74.5;13.12610245
75;13.10901737
75.5;13.09220123
76;13.07565785
76.5;13.05939102
77;13.04340363
77.5;13.02770138
78;13.01228714
78.5;12.99716473
79;12.982337
79.5;12.96780872
80;12.95358276
80.5;12.93966293
81;12.92605209
81.5;12.91275406
82;12.89977074
82.5;12.8871069
83;12.8747654
83.5;12.86274719
84;12.85105801
84.5;12.83969879
85;12.82867241
85.5;12.81798172
86;12.80762959
86.5;12.79761791
87;12.78794956
87.5;12.77862644
88;12.76965141
88.5;12.76102638
89;12.7527523
89.5;12.74483204
90;12.73726845
90.5;12.73006153
91;12.72321415
91.5;12.71672726
92;12.71060276
92.5;12.70484161
93;12.69944572
93.5;12.69441605
94;12.68975353
94.5;12.68546009
95;12.68153572
95.5;12.67798233
96;12.67479897
96.5;12.67198849
97;12.6695509
97.5;12.66748524
98;12.66579437
98.5;12.6644764
99;12.66353226
99.5;12.66296291
;
File: M:\Spring_2022\H2_Project\Case_1_Final\Case_1_Template_V19_TORTUOSITYDIFF.sr3;
Data: Profile;
Time Step: 2027-Jan-01;
;
Distance (m);Gas Mass Density (kg/m³)
0;14.23252201
0.5;14.23227596
1;14.23202896
1.5;14.23178196
2;14.23153591
2.5;14.23128891
3;14.23104191
3.5;14.23079491
4;14.23054791
4.5;14.2303009
5;14.2300539
5.5;14.2298069
6;14.22955895
6.5;14.22931194
7;14.22906494
7.5;14.22881794
8;14.22856998
8.5;14.22832298
9;14.22807598
9.5;14.22782803
10;14.22758102
10.5;14.22733307
11;14.22708511
11.5;14.22683811
12;14.22659016
12.5;14.2263422
13;14.2260952
13.5;14.22584724
14;14.22559929
14.5;14.22535133
15;14.22510338
15.5;14.22485542
16;14.22460747
16.5;14.22435951
17;14.22411156
17.5;14.2238636
18;14.22361565
18.5;14.22336769
19;14.22311878
19.5;14.22287083
20;14.22262287
20.5;14.22237492
21;14.22212601
21.5;14.22187805
22;14.22162914
22.5;14.22138119
23;14.22113228
23.5;14.22088432
24;14.22063541
24.5;14.22038746
25;14.22013855
25.5;14.21988964
26;14.21964169
26.5;14.21939278
27;14.21914387
27.5;14.21889496
28;14.218647
28.5;14.21839809
29;14.21814919
29.5;14.21790028
30;14.21765137
30.5;14.21740246
31;14.21715355
31.5;14.21690464
32;14.21665573
32.5;14.21640682
33;14.21615791
33.5;14.215909
34;14.2156601
34.5;14.21541119
35;14.21516228
35.5;14.21491337
36;14.21466446
36.5;14.2144146
37;14.21416569
37.5;14.21391678
38;14.21366787
38.5;14.21341896
39;14.2131691
39.5;14.21292019
40;14.21267128
40.5;14.21242237
41;14.21217251
41.5;14.2119236
42;14.21167469
42.5;14.21142483
43;14.21117592
43.5;14.21092701
44;14.21067715
44.5;14.21042824
45;14.21017933
45.5;14.20992947
46;14.20968056
46.5;14.20943165
47;14.20918179
47.5;14.20893288
48;14.20868397
48.5;14.20843411
49;14.2081852
49.5;14.20793629
50;14.20768642
50.5;14.20743752
51;14.20718861
51.5;14.2069397
52;14.20668984
52.5;14.20644093
53;14.20619202
53.5;14.20594215
54;14.20569325
54.5;14.20544434
55;14.20519543
55.5;14.20494556
56;14.20469666
56.5;14.20444775
57;14.20419884
57.5;14.20394993
58;14.20370102
58.5;14.20345116
59;14.20320225
59.5;14.20295334
60;14.20270443
60.5;14.20245552
61;14.20220661
61.5;14.2019577
62;14.20170879
62.5;14.20145989
63;14.20121098
63.5;14.20096207
64;14.20071316
64.5;14.20046425
65;14.20021629
65.5;14.19996738
66;14.19971848
66.5;14.19946957
67;14.19922161
67.5;14.1989727
68;14.19872379
68.5;14.19847584
69;14.19822693
69.5;14.19797802
70;14.19773006
70.5;14.19748116
71;14.1972332
71.5;14.19698429
72;14.19673634
72.5;14.19648838
73;14.19623947
73.5;14.19599152
74;14.19574356
74.5;14.19549561
75;14.1952467
75.5;14.19499874
76;14.19475079
76.5;14.19450283
77;14.19425488
77.5;14.19400692
78;14.19375897
78.5;14.19351101
79;14.19326401
79.5;14.19301605
80;14.1927681
80.5;14.19252014
81;14.19227314
81.5;14.19202519
82;14.19177818
82.5;14.19153023
83;14.19128323
83.5;14.19103527
84;14.19078827
84.5;14.19054031
85;14.19029331
85.5;14.19004631
86;14.18979931
86.5;14.18955231
87;14.18930531
87.5;14.18905735
88;14.18881035
88.5;14.1885643
89;14.1883173
89.5;14.1880703
90;14.1878233
90.5;14.18757629
91;14.18733025
91.5;14.18708324
92;14.1868372
92.5;14.1865902
93;14.18634415
93.5;14.18609715
94;14.1858511
94.5;14.1856041
95;14.18535805
95.5;14.185112
96;14.18486595
96.5;14.1846199
97;14.18437386
97.5;14.18412781
98;14.18388176
98.5;14.18363571
99;14.18338966
99.5;14.18314362
