Depth;0 days H2 Mole Fraction;3 days H2 Mole Fraction;30 days H2 Mole Fraction;1 year H2 Mole Fraction;3 years H2 Mole Fraction;5 years H2 Mole Fraction;50 years H2 Mole Fraction;0 days Density;30 days Density;1 year Density;5 years Density;0 days Pressure;30 days Pressure;1 year Pressure;5 years Pressure
400;1;1;0.9879;0.5409;0.475;0.4743214;0.4743214;2.9463;3.2033;12.8085;14.3009;40.0001;40.1946;40.4344;40.4357
400.5;1;1;0.9879;0.5409;0.475;0.4743214;0.4743214;2.9463;3.2033;12.8085;14.3009;40.0001;40.1946;40.4344;40.4357
400.5;1;1;0.9879;0.5409;0.475;0.4743214;0.4743214;2.9463;3.2044;12.809;14.3011;40.0002;40.1948;40.435;40.4364
401;1;1;0.9879;0.5409;0.475;0.4743214;0.4743214;2.9463;3.2044;12.809;14.3011;40.0002;40.1948;40.435;40.4364
401;1;1;0.9877;0.5408;0.475;0.4743214;0.4743214;2.9463;3.2067;12.81;14.3014;40.0004;40.195;40.4356;40.4371
401.5;1;1;0.9877;0.5408;0.475;0.4743214;0.4743214;2.9463;3.2067;12.81;14.3014;40.0004;40.195;40.4356;40.4371
401.5;1;1;0.9876;0.5408;0.475;0.4743214;0.4743214;2.9464;3.2102;12.8113;14.3016;40.0005;40.1951;40.4363;40.4378
402;1;1;0.9876;0.5408;0.475;0.4743214;0.4743214;2.9464;3.2102;12.8113;14.3016;40.0005;40.1951;40.4363;40.4378
402;1;1;0.9874;0.5407;0.475;0.4743214;0.4743214;2.9464;3.2148;12.8129;14.3019;40.0007;40.1953;40.4369;40.4385
402.5;1;1;0.9874;0.5407;0.475;0.4743214;0.4743214;2.9464;3.2148;12.8129;14.3019;40.0007;40.1953;40.4369;40.4385
402.5;1;1;0.9871;0.5406;0.475;0.4743214;0.4743214;2.9464;3.2206;12.815;14.3021;40.0008;40.1954;40.4375;40.4392
403;1;1;0.9871;0.5406;0.475;0.4743214;0.4743214;2.9464;3.2206;12.815;14.3021;40.0008;40.1954;40.4375;40.4392
403;1;1;0.9867;0.5405;0.475;0.4743214;0.4743214;2.9464;3.2276;12.8174;14.3024;40.0009;40.1956;40.4381;40.4399
403.5;1;1;0.9867;0.5405;0.475;0.4743214;0.4743214;2.9464;3.2276;12.8174;14.3024;40.0009;40.1956;40.4381;40.4399
403.5;1;1;0.9863;0.5404;0.475;0.4743214;0.4743214;2.9464;3.2358;12.8201;14.3026;40.0011;40.1957;40.4388;40.4406
404;1;1;0.9863;0.5404;0.475;0.4743214;0.4743214;2.9464;3.2358;12.8201;14.3026;40.0011;40.1957;40.4388;40.4406
404;1;1;0.9859;0.5403;0.475;0.4743214;0.4743214;2.9464;3.2452;12.8233;14.3029;40.0012;40.1959;40.4394;40.4413
404.5;1;1;0.9859;0.5403;0.475;0.4743214;0.4743214;2.9464;3.2452;12.8233;14.3029;40.0012;40.1959;40.4394;40.4413
404.5;1;1;0.9853;0.5401;0.475;0.4743214;0.4743214;2.9464;3.2559;12.8268;14.3031;40.0014;40.1961;40.44;40.442
405;1;1;0.9853;0.5401;0.475;0.4743214;0.4743214;2.9464;3.2559;12.8268;14.3031;40.0014;40.1961;40.44;40.442
405;1;1;0.9848;0.54;0.475;0.4743214;0.4743214;2.9464;3.2678;12.8306;14.3034;40.0015;40.1962;40.4407;40.4427
405.5;1;1;0.9848;0.54;0.475;0.4743214;0.4743214;2.9464;3.2678;12.8306;14.3034;40.0015;40.1962;40.4407;40.4427
405.5;1;1;0.9841;0.5398;0.475;0.4743214;0.4743214;2.9464;3.281;12.8349;14.3036;40.0017;40.1964;40.4413;40.4434
406;1;1;0.9841;0.5398;0.475;0.4743214;0.4743214;2.9464;3.281;12.8349;14.3036;40.0017;40.1964;40.4413;40.4434
406;1;1;0.9834;0.5396;0.475;0.4743214;0.4743214;2.9464;3.2955;12.8394;14.3039;40.0018;40.1965;40.4419;40.4441
406.5;1;1;0.9834;0.5396;0.475;0.4743214;0.4743214;2.9464;3.2955;12.8394;14.3039;40.0018;40.1965;40.4419;40.4441
406.5;1;1;0.9826;0.5394;0.475;0.4743214;0.4743214;2.9465;3.3114;12.8444;14.3041;40.002;40.1967;40.4425;40.4448
407;1;1;0.9826;0.5394;0.475;0.4743214;0.4743214;2.9465;3.3114;12.8444;14.3041;40.002;40.1967;40.4425;40.4448
407;1;1;0.9818;0.5392;0.475;0.4743214;0.4743214;2.9465;3.3287;12.8497;14.3044;40.0021;40.1969;40.4432;40.4455
407.5;1;1;0.9818;0.5392;0.475;0.4743214;0.4743214;2.9465;3.3287;12.8497;14.3044;40.0021;40.1969;40.4432;40.4455
407.5;1;1;0.9809;0.5389;0.475;0.4743214;0.4743214;2.9465;3.3474;12.8554;14.3046;40.0022;40.197;40.4438;40.4462
408;1;1;0.9809;0.5389;0.475;0.4743214;0.4743214;2.9465;3.3474;12.8554;14.3046;40.0022;40.197;40.4438;40.4462
408;1;1;0.9799;0.5386;0.475;0.4743214;0.4743214;2.9465;3.3675;12.8614;14.3049;40.0024;40.1972;40.4444;40.4469
408.5;1;1;0.9799;0.5386;0.475;0.4743214;0.4743214;2.9465;3.3675;12.8614;14.3049;40.0024;40.1972;40.4444;40.4469
408.5;1;1;0.9788;0.5384;0.475;0.4743214;0.4743214;2.9465;3.3892;12.8678;14.3051;40.0025;40.1974;40.4451;40.4476
409;1;1;0.9788;0.5384;0.475;0.4743214;0.4743214;2.9465;3.3892;12.8678;14.3051;40.0025;40.1974;40.4451;40.4476
409;1;1;0.9777;0.5381;0.475;0.4743214;0.4743214;2.9465;3.4123;12.8745;14.3054;40.0027;40.1975;40.4457;40.4483
409.5;1;1;0.9777;0.5381;0.475;0.4743214;0.4743214;2.9465;3.4123;12.8745;14.3054;40.0027;40.1975;40.4457;40.4483
409.5;1;1;0.9765;0.5378;0.475;0.4743214;0.4743214;2.9465;3.4371;12.8816;14.3056;40.0028;40.1977;40.4463;40.449
410;1;1;0.9765;0.5378;0.475;0.4743214;0.4743214;2.9465;3.4371;12.8816;14.3056;40.0028;40.1977;40.4463;40.449
410;1;1;0.9752;0.5374;0.475;0.4743214;0.4743214;2.9465;3.4635;12.889;14.3059;40.003;40.1979;40.447;40.4497
410.5;1;1;0.9752;0.5374;0.475;0.4743214;0.4743214;2.9465;3.4635;12.889;14.3059;40.003;40.1979;40.447;40.4497
410.5;1;1;0.9738;0.5371;0.475;0.4743214;0.4743214;2.9465;3.4916;12.8968;14.3061;40.0031;40.1981;40.4476;40.4504
411;1;1;0.9738;0.5371;0.475;0.4743214;0.4743214;2.9465;3.4916;12.8968;14.3061;40.0031;40.1981;40.4476;40.4504
411;1;1;0.9724;0.5367;0.475;0.4743214;0.4743214;2.9466;3.5214;12.9049;14.3064;40.0033;40.1982;40.4482;40.4511
411.5;1;1;0.9724;0.5367;0.475;0.4743214;0.4743214;2.9466;3.5214;12.9049;14.3064;40.0033;40.1982;40.4482;40.4511
411.5;1;1;0.9709;0.5364;0.475;0.4743214;0.4743214;2.9466;3.553;12.9134;14.3066;40.0034;40.1984;40.4489;40.4518
412;1;1;0.9709;0.5364;0.475;0.4743214;0.4743214;2.9466;3.553;12.9134;14.3066;40.0034;40.1984;40.4489;40.4518
412;1;1;0.9692;0.536;0.475;0.4743214;0.4743214;2.9466;3.5865;12.9222;14.3069;40.0035;40.1986;40.4495;40.4525
412.5;1;1;0.9692;0.536;0.475;0.4743214;0.4743214;2.9466;3.5865;12.9222;14.3069;40.0035;40.1986;40.4495;40.4525
412.5;1;1;0.9675;0.5356;0.475;0.4743214;0.4743214;2.9466;3.6218;12.9314;14.3071;40.0037;40.1988;40.4501;40.4532
413;1;1;0.9675;0.5356;0.475;0.4743214;0.4743214;2.9466;3.6218;12.9314;14.3071;40.0037;40.1988;40.4501;40.4532
413;1;1;0.9657;0.5352;0.475;0.4743214;0.4743214;2.9466;3.6591;12.9409;14.3074;40.0038;40.1989;40.4508;40.454
413.5;1;1;0.9657;0.5352;0.475;0.4743214;0.4743214;2.9466;3.6591;12.9409;14.3074;40.0038;40.1989;40.4508;40.454
413.5;1;1;0.9638;0.5347;0.475;0.4743214;0.4743214;2.9466;3.6984;12.9507;14.3076;40.004;40.1991;40.4514;40.4547
414;1;1;0.9638;0.5347;0.475;0.4743214;0.4743214;2.9466;3.6984;12.9507;14.3076;40.004;40.1991;40.4514;40.4547
414;1;1;0.9618;0.5343;0.475;0.4743214;0.4743214;2.9466;3.7397;12.9609;14.3079;40.0041;40.1993;40.452;40.4554
414.5;1;1;0.9618;0.5343;0.475;0.4743214;0.4743214;2.9466;3.7397;12.9609;14.3079;40.0041;40.1993;40.452;40.4554
414.5;1;1;0.9597;0.5338;0.475;0.4743214;0.4743214;2.9466;3.7832;12.9714;14.3081;40.0043;40.1995;40.4527;40.4561
415;1;1;0.9597;0.5338;0.475;0.4743214;0.4743214;2.9466;3.7832;12.9714;14.3081;40.0043;40.1995;40.4527;40.4561
415;1;1;0.9575;0.5334;0.475;0.4743214;0.4743214;2.9466;3.8288;12.9822;14.3084;40.0044;40.1997;40.4533;40.4568
415.5;1;1;0.9575;0.5334;0.475;0.4743214;0.4743214;2.9466;3.8288;12.9822;14.3084;40.0044;40.1997;40.4533;40.4568
415.5;1;1;0.9551;0.5329;0.4749;0.4743214;0.4743214;2.9466;3.8767;12.9934;14.3086;40.0046;40.1999;40.4539;40.4575
416;1;1;0.9551;0.5329;0.4749;0.4743214;0.4743214;2.9466;3.8767;12.9934;14.3086;40.0046;40.1999;40.4539;40.4575
416;1;1;0.9527;0.5324;0.4749;0.4743214;0.4743214;2.9467;3.9269;13.0049;14.3089;40.0047;40.2001;40.4546;40.4582
416.5;1;1;0.9527;0.5324;0.4749;0.4743214;0.4743214;2.9467;3.9269;13.0049;14.3089;40.0047;40.2001;40.4546;40.4582
416.5;1;1;0.9502;0.5318;0.4749;0.4743214;0.4743214;2.9467;3.9795;13.0167;14.3091;40.0048;40.2003;40.4552;40.4589
417;1;1;0.9502;0.5318;0.4749;0.4743214;0.4743214;2.9467;3.9795;13.0167;14.3091;40.0048;40.2003;40.4552;40.4589
417;1;1;0.9475;0.5313;0.4749;0.4743214;0.4743214;2.9467;4.0345;13.0288;14.3094;40.005;40.2005;40.4559;40.4596
417.5;1;1;0.9475;0.5313;0.4749;0.4743214;0.4743214;2.9467;4.0345;13.0288;14.3094;40.005;40.2005;40.4559;40.4596
417.5;1;1;0.9447;0.5308;0.4749;0.4743214;0.4743214;2.9467;4.092;13.0412;14.3096;40.0051;40.2007;40.4565;40.4603
418;1;1;0.9447;0.5308;0.4749;0.4743214;0.4743214;2.9467;4.092;13.0412;14.3096;40.0051;40.2007;40.4565;40.4603
418;1;1;0.9418;0.5302;0.4749;0.4743214;0.4743214;2.9467;4.1521;13.054;14.3099;40.0053;40.2009;40.4571;40.461
418.5;1;1;0.9418;0.5302;0.4749;0.4743214;0.4743214;2.9467;4.1521;13.054;14.3099;40.0053;40.2009;40.4571;40.461
418.5;1;1;0.9388;0.5296;0.4749;0.4743214;0.4743214;2.9467;4.2148;13.0671;14.3101;40.0054;40.2011;40.4578;40.4617
419;1;1;0.9388;0.5296;0.4749;0.4743214;0.4743214;2.9467;4.2148;13.0671;14.3101;40.0054;40.2011;40.4578;40.4617
419;1;1;0.9356;0.529;0.4749;0.4743214;0.4743214;2.9467;4.2802;13.0804;14.3104;40.0056;40.2013;40.4584;40.4624
419.5;1;1;0.9356;0.529;0.4749;0.4743214;0.4743214;2.9467;4.2802;13.0804;14.3104;40.0056;40.2013;40.4584;40.4624
419.5;1;1;0.9323;0.5284;0.4749;0.4743214;0.4743214;2.9467;4.3483;13.0941;14.3107;40.0057;40.2015;40.4591;40.4631
420;1;1;0.9323;0.5284;0.4749;0.4743214;0.4743214;2.9467;4.3483;13.0941;14.3107;40.0057;40.2015;40.4591;40.4631
420;1;1;0.9289;0.5278;0.4749;0.4743214;0.4743214;2.9467;4.4193;13.1081;14.3109;40.0059;40.2017;40.4597;40.4638
420.5;1;1;0.9289;0.5278;0.4749;0.4743214;0.4743214;2.9467;4.4193;13.1081;14.3109;40.0059;40.2017;40.4597;40.4638
420.5;1;1;0.9254;0.5272;0.4749;0.4743214;0.4743214;2.9468;4.4931;13.1223;14.3112;40.006;40.2019;40.4604;40.4645
421;1;1;0.9254;0.5272;0.4749;0.4743214;0.4743214;2.9468;4.4931;13.1223;14.3112;40.006;40.2019;40.4604;40.4645
421;1;1;0.9217;0.5265;0.4749;0.4743214;0.4743214;2.9468;4.5699;13.1369;14.3114;40.0061;40.2022;40.461;40.4652
421.5;1;1;0.9217;0.5265;0.4749;0.4743214;0.4743214;2.9468;4.5699;13.1369;14.3114;40.0061;40.2022;40.461;40.4652
421.5;1;1;0.9178;0.5259;0.4749;0.4743214;0.4743214;2.9468;4.6496;13.1518;14.3117;40.0063;40.2024;40.4616;40.4659
422;1;1;0.9178;0.5259;0.4749;0.4743214;0.4743214;2.9468;4.6496;13.1518;14.3117;40.0063;40.2024;40.4616;40.4659
422;1;1;0.9138;0.5252;0.4749;0.4743214;0.4743214;2.9468;4.7324;13.1669;14.3119;40.0064;40.2026;40.4623;40.4666
422.5;1;1;0.9138;0.5252;0.4749;0.4743214;0.4743214;2.9468;4.7324;13.1669;14.3119;40.0064;40.2026;40.4623;40.4666
422.5;1;1;0.9097;0.5245;0.4749;0.4743214;0.4743214;2.9468;4.8183;13.1823;14.3122;40.0066;40.2029;40.4629;40.4673
423;1;1;0.9097;0.5245;0.4749;0.4743214;0.4743214;2.9468;4.8183;13.1823;14.3122;40.0066;40.2029;40.4629;40.4673
423;1;0.9999;0.9054;0.5238;0.4749;0.4743214;0.4743214;2.9468;4.9074;13.198;14.3124;40.0067;40.2031;40.4636;40.468
423.5;1;0.9999;0.9054;0.5238;0.4749;0.4743214;0.4743214;2.9468;4.9074;13.198;14.3124;40.0067;40.2031;40.4636;40.468
423.5;1;0.9999;0.901;0.5231;0.4748;0.4743214;0.4743214;2.9468;4.9996;13.214;14.3127;40.0069;40.2033;40.4642;40.4687
424;1;0.9999;0.901;0.5231;0.4748;0.4743214;0.4743214;2.9468;4.9996;13.214;14.3127;40.0069;40.2033;40.4642;40.4687
424;1;0.9999;0.8964;0.5224;0.4748;0.4743214;0.4743214;2.9468;5.0951;13.2303;14.3129;40.007;40.2036;40.4649;40.4694
424.5;1;0.9999;0.8964;0.5224;0.4748;0.4743214;0.4743214;2.9468;5.0951;13.2303;14.3129;40.007;40.2036;40.4649;40.4694
424.5;1;0.9999;0.8917;0.5217;0.4748;0.4743214;0.4743214;2.9468;5.194;13.2468;14.3132;40.0072;40.2038;40.4655;40.4701
425;1;0.9999;0.8917;0.5217;0.4748;0.4743214;0.4743214;2.9468;5.194;13.2468;14.3132;40.0072;40.2038;40.4655;40.4701
425;1;0.9998;0.8868;0.5209;0.4748;0.4743214;0.4743214;2.9468;5.2961;13.2636;14.3134;40.0073;40.2041;40.4662;40.4708
425.5;1;0.9998;0.8868;0.5209;0.4748;0.4743214;0.4743214;2.9468;5.2961;13.2636;14.3134;40.0073;40.2041;40.4662;40.4708
425.5;1;0.9998;0.8817;0.5202;0.4748;0.4743214;0.4743214;2.9469;5.4017;13.2806;14.3137;40.0074;40.2044;40.4668;40.4715
426;1;0.9998;0.8817;0.5202;0.4748;0.4743214;0.4743214;2.9469;5.4017;13.2806;14.3137;40.0074;40.2044;40.4668;40.4715
426;1;0.9998;0.8765;0.5194;0.4748;0.4743214;0.4743214;2.9469;5.5107;13.2979;14.3139;40.0076;40.2046;40.4675;40.4722
426.5;1;0.9998;0.8765;0.5194;0.4748;0.4743214;0.4743214;2.9469;5.5107;13.2979;14.3139;40.0076;40.2046;40.4675;40.4722
426.5;1;0.9997;0.8712;0.5187;0.4748;0.4743214;0.4743214;2.9469;5.6232;13.3154;14.3142;40.0077;40.2049;40.4681;40.4729
427;1;0.9997;0.8712;0.5187;0.4748;0.4743214;0.4743214;2.9469;5.6232;13.3154;14.3142;40.0077;40.2049;40.4681;40.4729
427;1;0.9996;0.8656;0.5179;0.4748;0.4743214;0.4743214;2.9469;5.7391;13.3332;14.3144;40.0079;40.2052;40.4688;40.4736
427.5;1;0.9996;0.8656;0.5179;0.4748;0.4743214;0.4743214;2.9469;5.7391;13.3332;14.3144;40.0079;40.2052;40.4688;40.4736
427.5;1;0.9995;0.8599;0.5171;0.4748;0.4743214;0.4743214;2.9469;5.8586;13.3513;14.3147;40.008;40.2055;40.4694;40.4743
428;1;0.9995;0.8599;0.5171;0.4748;0.4743214;0.4743214;2.9469;5.8586;13.3513;14.3147;40.008;40.2055;40.4694;40.4743
428;1;0.9994;0.8541;0.5163;0.4748;0.4743214;0.4743214;2.9469;5.9816;13.3696;14.3149;40.0082;40.2058;40.4701;40.475
428.5;1;0.9994;0.8541;0.5163;0.4748;0.4743214;0.4743214;2.9469;5.9816;13.3696;14.3149;40.0082;40.2058;40.4701;40.475
428.5;1;0.9992;0.848;0.5155;0.4748;0.4743214;0.4743214;2.9469;6.1082;13.3881;14.3152;40.0083;40.2061;40.4708;40.4757
429;1;0.9992;0.848;0.5155;0.4748;0.4743214;0.4743214;2.9469;6.1082;13.3881;14.3152;40.0083;40.2061;40.4708;40.4757
429;1;0.999;0.8419;0.5146;0.4748;0.4743214;0.4743214;2.9469;6.2384;13.4068;14.3154;40.0085;40.2064;40.4714;40.4764
429.5;1;0.999;0.8419;0.5146;0.4748;0.4743214;0.4743214;2.9469;6.2384;13.4068;14.3154;40.0085;40.2064;40.4714;40.4764
429.5;1;0.9987;0.8355;0.5138;0.4747;0.4743214;0.4743214;2.9469;6.3722;13.4258;14.3157;40.0086;40.2067;40.4721;40.4771
430;1;0.9987;0.8355;0.5138;0.4747;0.4743214;0.4743214;2.9469;6.3722;13.4258;14.3157;40.0086;40.2067;40.4721;40.4771
430;1;0.9984;0.829;0.5129;0.4747;0.4743214;0.4743214;2.947;6.5096;13.445;14.3159;40.0087;40.207;40.4727;40.4778
430.5;1;0.9984;0.829;0.5129;0.4747;0.4743214;0.4743214;2.947;6.5096;13.445;14.3159;40.0087;40.207;40.4727;40.4778
430.5;1;0.998;0.8223;0.5121;0.4747;0.4743214;0.4743214;2.947;6.6506;13.4644;14.3162;40.0089;40.2074;40.4734;40.4785
431;1;0.998;0.8223;0.5121;0.4747;0.4743214;0.4743214;2.947;6.6506;13.4644;14.3162;40.0089;40.2074;40.4734;40.4785
431;1;0.9975;0.8154;0.5112;0.4747;0.4743214;0.4743214;2.947;6.7952;13.484;14.3164;40.009;40.2077;40.474;40.4792
431.5;1;0.9975;0.8154;0.5112;0.4747;0.4743214;0.4743214;2.947;6.7952;13.484;14.3164;40.009;40.2077;40.474;40.4792
431.5;1;0.9969;0.8084;0.5104;0.4747;0.4743214;0.4743214;2.947;6.9434;13.5038;14.3167;40.0092;40.208;40.4747;40.4799
432;1;0.9969;0.8084;0.5104;0.4747;0.4743214;0.4743214;2.947;6.9434;13.5038;14.3167;40.0092;40.208;40.4747;40.4799
432;1;0.9962;0.8013;0.5095;0.4747;0.4743214;0.4743214;2.947;7.0952;13.5238;14.317;40.0093;40.2084;40.4754;40.4806
432.5;1;0.9962;0.8013;0.5095;0.4747;0.4743214;0.4743214;2.947;7.0952;13.5238;14.317;40.0093;40.2084;40.4754;40.4806
432.5;1;0.9953;0.7939;0.5086;0.4747;0.4743214;0.4743214;2.947;7.2506;13.544;14.3172;40.0095;40.2087;40.476;40.4813
433;1;0.9953;0.7939;0.5086;0.4747;0.4743214;0.4743214;2.947;7.2506;13.544;14.3172;40.0095;40.2087;40.476;40.4813
433;1;0.9943;0.7864;0.5077;0.4747;0.4743214;0.4743214;2.947;7.4095;13.5644;14.3175;40.0096;40.2091;40.4767;40.482
433.5;1;0.9943;0.7864;0.5077;0.4747;0.4743214;0.4743214;2.947;7.4095;13.5644;14.3175;40.0096;40.2091;40.4767;40.482
433.5;1;0.993;0.7788;0.5068;0.4747;0.4743214;0.4743214;2.947;7.572;13.585;14.3177;40.0098;40.2095;40.4774;40.4827
434;1;0.993;0.7788;0.5068;0.4747;0.4743214;0.4743214;2.947;7.572;13.585;14.3177;40.0098;40.2095;40.4774;40.4827
434;1;0.9915;0.771;0.5059;0.4747;0.4743214;0.4743214;2.947;7.738;13.6058;14.318;40.0099;40.2099;40.478;40.4834
434.5;1;0.9915;0.771;0.5059;0.4747;0.4743214;0.4743214;2.947;7.738;13.6058;14.318;40.0099;40.2099;40.478;40.4834
434.5;1;0.9896;0.763;0.5049;0.4746;0.4743214;0.4743214;2.947;7.9074;13.6267;14.3182;40.01;40.2102;40.4787;40.4841
435;1;0.9896;0.763;0.5049;0.4746;0.4743214;0.4743214;2.947;7.9074;13.6267;14.3182;40.01;40.2102;40.4787;40.4841
435;1;0.9874;0.7549;0.504;0.4746;0.4743214;0.4743214;2.9471;8.0803;13.6479;14.3185;40.0102;40.2106;40.4794;40.4848
435.5;1;0.9874;0.7549;0.504;0.4746;0.4743214;0.4743214;2.9471;8.0803;13.6479;14.3185;40.0102;40.2106;40.4794;40.4848
435.5;1;0.9848;0.7467;0.5031;0.4746;0.4743214;0.4743214;2.9471;8.2565;13.6692;14.3187;40.0103;40.211;40.48;40.4855
436;1;0.9848;0.7467;0.5031;0.4746;0.4743214;0.4743214;2.9471;8.2565;13.6692;14.3187;40.0103;40.211;40.48;40.4855
436;1;0.9817;0.7383;0.5021;0.4746;0.4743214;0.4743214;2.9471;8.4361;13.6906;14.319;40.0105;40.2115;40.4807;40.4862
436.5;1;0.9817;0.7383;0.5021;0.4746;0.4743214;0.4743214;2.9471;8.4361;13.6906;14.319;40.0105;40.2115;40.4807;40.4862
436.5;1;0.978;0.7297;0.5012;0.4746;0.4743214;0.4743214;2.9471;8.6189;13.7122;14.3192;40.0106;40.2119;40.4814;40.4869
437;1;0.978;0.7297;0.5012;0.4746;0.4743214;0.4743214;2.9471;8.6189;13.7122;14.3192;40.0106;40.2119;40.4814;40.4869
437;1;0.9738;0.7211;0.5002;0.4746;0.4743214;0.4743214;2.9471;8.805;13.734;14.3195;40.0108;40.2123;40.4821;40.4876
437.5;1;0.9738;0.7211;0.5002;0.4746;0.4743214;0.4743214;2.9471;8.805;13.734;14.3195;40.0108;40.2123;40.4821;40.4876
437.5;1;0.9688;0.7123;0.4992;0.4746;0.4743214;0.4743214;2.9471;8.9941;13.7559;14.3197;40.0109;40.2128;40.4827;40.4883
438;1;0.9688;0.7123;0.4992;0.4746;0.4743214;0.4743214;2.9471;8.9941;13.7559;14.3197;40.0109;40.2128;40.4827;40.4883
438;1;0.963;0.7033;0.4983;0.4746;0.4743214;0.4743214;2.9471;9.1864;13.7779;14.32;40.0111;40.2132;40.4834;40.489
438.5;1;0.963;0.7033;0.4983;0.4746;0.4743214;0.4743214;2.9471;9.1864;13.7779;14.32;40.0111;40.2132;40.4834;40.489
438.5;1;0.9563;0.6943;0.4973;0.4746;0.4743214;0.4743214;2.9471;9.3816;13.8001;14.3202;40.0112;40.2137;40.4841;40.4897
439;1;0.9563;0.6943;0.4973;0.4746;0.4743214;0.4743214;2.9471;9.3816;13.8001;14.3202;40.0112;40.2137;40.4841;40.4897
439;1;0.9486;0.6851;0.4963;0.4746;0.4743214;0.4743214;2.9471;9.5797;13.8224;14.3205;40.0113;40.2141;40.4848;40.4904
439.5;1;0.9486;0.6851;0.4963;0.4746;0.4743214;0.4743214;2.9471;9.5797;13.8224;14.3205;40.0113;40.2141;40.4848;40.4904
439.5;1;0.9399;0.6758;0.4953;0.4745;0.4743214;0.4743214;2.9471;9.7807;13.8449;14.3207;40.0115;40.2146;40.4854;40.4912
440;1;0.9399;0.6758;0.4953;0.4745;0.4743214;0.4743214;2.9471;9.7807;13.8449;14.3207;40.0115;40.2146;40.4854;40.4912
440;1;0.9299;0.6664;0.4943;0.4745;0.4743214;0.4743214;2.9472;9.9843;13.8674;14.321;40.0116;40.2151;40.4861;40.4919
440.5;1;0.9299;0.6664;0.4943;0.4745;0.4743214;0.4743214;2.9472;9.9843;13.8674;14.321;40.0116;40.2151;40.4861;40.4919
440.5;1;0.9186;0.6569;0.4933;0.4745;0.4743214;0.4743214;2.9472;10.1906;13.8901;14.3213;40.0118;40.2156;40.4868;40.4926
441;1;0.9186;0.6569;0.4933;0.4745;0.4743214;0.4743214;2.9472;10.1906;13.8901;14.3213;40.0118;40.2156;40.4868;40.4926
441;1;0.9059;0.6473;0.4923;0.4745;0.4743214;0.4743214;2.9472;10.3994;13.9129;14.3215;40.0119;40.2161;40.4875;40.4933
441.5;1;0.9059;0.6473;0.4923;0.4745;0.4743214;0.4743214;2.9472;10.3994;13.9129;14.3215;40.0119;40.2161;40.4875;40.4933
441.5;1;0.8917;0.6376;0.4913;0.4745;0.4743214;0.4743214;2.9472;10.6106;13.9357;14.3218;40.0121;40.2166;40.4882;40.494
442;1;0.8917;0.6376;0.4913;0.4745;0.4743214;0.4743214;2.9472;10.6106;13.9357;14.3218;40.0121;40.2166;40.4882;40.494
442;1;0.8759;0.6278;0.4903;0.4745;0.4743214;0.4743214;2.9472;10.8241;13.9587;14.322;40.0122;40.2172;40.4889;40.4947
442.5;1;0.8759;0.6278;0.4903;0.4745;0.4743214;0.4743214;2.9472;10.8241;13.9587;14.322;40.0122;40.2172;40.4889;40.4947
442.5;1;0.8586;0.6179;0.4893;0.4745;0.4743214;0.4743214;2.9472;11.0398;13.9818;14.3223;40.0124;40.2177;40.4895;40.4954
443;1;0.8586;0.6179;0.4893;0.4745;0.4743214;0.4743214;2.9472;11.0398;13.9818;14.3223;40.0124;40.2177;40.4895;40.4954
443;1;0.8395;0.608;0.4883;0.4745;0.4743214;0.4743214;2.9472;11.2576;14.0049;14.3225;40.0125;40.2183;40.4902;40.4961
443.5;1;0.8395;0.608;0.4883;0.4745;0.4743214;0.4743214;2.9472;11.2576;14.0049;14.3225;40.0125;40.2183;40.4902;40.4961
443.5;1;0.8187;0.5979;0.4873;0.4745;0.4743214;0.4743214;2.9472;11.4773;14.0282;14.3228;40.0126;40.2188;40.4909;40.4968
444;1;0.8187;0.5979;0.4873;0.4745;0.4743214;0.4743214;2.9472;11.4773;14.0282;14.3228;40.0126;40.2188;40.4909;40.4968
444;1;0.7963;0.5879;0.4863;0.4744;0.4743214;0.4743214;2.9472;11.6988;14.0515;14.323;40.0128;40.2194;40.4916;40.4975
444.5;1;0.7963;0.5879;0.4863;0.4744;0.4743214;0.4743214;2.9472;11.6988;14.0515;14.323;40.0128;40.2194;40.4916;40.4975
444.5;1;0.7721;0.5777;0.4852;0.4744;0.4743214;0.4743214;2.9473;11.922;14.0749;14.3233;40.0129;40.22;40.4923;40.4982
445;1;0.7721;0.5777;0.4852;0.4744;0.4743214;0.4743214;2.9473;11.922;14.0749;14.3233;40.0129;40.22;40.4923;40.4982
445;1;0.7463;0.5675;0.4842;0.4744;0.4743214;0.4743214;2.9473;12.1467;14.0983;14.3235;40.0131;40.2206;40.493;40.4989
445.5;1;0.7463;0.5675;0.4842;0.4744;0.4743214;0.4743214;2.9473;12.1467;14.0983;14.3235;40.0131;40.2206;40.493;40.4989
445.5;1;0.719;0.5573;0.4832;0.4744;0.4743214;0.4743214;2.9473;12.3729;14.1218;14.3238;40.0132;40.2212;40.4937;40.4996
446;1;0.719;0.5573;0.4832;0.4744;0.4743214;0.4743214;2.9473;12.3729;14.1218;14.3238;40.0132;40.2212;40.4937;40.4996
446;1;0.6902;0.5471;0.4821;0.4744;0.4743214;0.4743214;2.9473;12.6003;14.1453;14.324;40.0134;40.2218;40.4944;40.5003
446.5;1;0.6902;0.5471;0.4821;0.4744;0.4743214;0.4743214;2.9473;12.6003;14.1453;14.324;40.0134;40.2218;40.4944;40.5003
446.5;1;0.6602;0.5368;0.4811;0.4744;0.4743214;0.4743214;2.9473;12.8288;14.1689;14.3243;40.0135;40.2225;40.4951;40.501
447;1;0.6602;0.5368;0.4811;0.4744;0.4743214;0.4743214;2.9473;12.8288;14.1689;14.3243;40.0135;40.2225;40.4951;40.501
447;1;0.629;0.5265;0.4801;0.4744;0.4743214;0.4743214;2.9473;13.0583;14.1926;14.3245;40.0137;40.2231;40.4958;40.5017
447.5;1;0.629;0.5265;0.4801;0.4744;0.4743214;0.4743214;2.9473;13.0583;14.1926;14.3245;40.0137;40.2231;40.4958;40.5017
447.5;1;0.597;0.5161;0.479;0.4744;0.4743214;0.4743214;2.9473;13.2887;14.2162;14.3248;40.0138;40.2237;40.4965;40.5024
448;1;0.597;0.5161;0.479;0.4744;0.4743214;0.4743214;2.9473;13.2887;14.2162;14.3248;40.0138;40.2237;40.4965;40.5024
448;1;0.5642;0.5058;0.478;0.4744;0.4743214;0.4743214;2.9473;13.5198;14.2399;14.325;40.0139;40.2244;40.4972;40.5031
448.5;1;0.5642;0.5058;0.478;0.4744;0.4743214;0.4743214;2.9473;13.5198;14.2399;14.325;40.0139;40.2244;40.4972;40.5031
448.5;1;0.531;0.4955;0.477;0.4743;0.4743214;0.4743214;2.9473;13.7514;14.2636;14.3253;40.0142;40.2251;40.4979;40.5038
449;1;0.531;0.4955;0.477;0.4743;0.4743214;0.4743214;2.9473;13.7514;14.2636;14.3253;40.0142;40.2251;40.4979;40.5038
449;0.75;0.4976;0.4851;0.4759;0.4743;0.4743214;0.4743214;8.1668;13.9833;14.2874;14.3256;40.0146;40.2258;40.4986;40.5045
449.5;0.75;0.4976;0.4851;0.4759;0.4743;0.4743214;0.4743214;8.1668;13.9833;14.2874;14.3256;40.0146;40.2258;40.4986;40.5045
449.5;0.25;0.4643;0.4748;0.4749;0.4743;0.4743214;0.4743214;19.2937;14.2155;14.3111;14.3258;40.0153;40.2265;40.4993;40.5052
450;0.25;0.4643;0.4748;0.4749;0.4743;0.4743214;0.4743214;19.2937;14.2155;14.3111;14.3258;40.0153;40.2265;40.4993;40.5052
450;0;0.4312;0.4645;0.4738;0.4743;0.4743214;0.4743214;25.4491;14.4478;14.3349;14.3261;40.0162;40.2272;40.5;40.5059
450.5;0;0.4312;0.4645;0.4738;0.4743;0.4743214;0.4743214;25.4491;14.4478;14.3349;14.3261;40.0162;40.2272;40.5;40.5059
450.5;0;0.3987;0.4543;0.4728;0.4743;0.4743214;0.4743214;25.4499;14.6801;14.3586;14.3263;40.0173;40.2279;40.5007;40.5066
451;0;0.3987;0.4543;0.4728;0.4743;0.4743214;0.4743214;25.4499;14.6801;14.3586;14.3263;40.0173;40.2279;40.5007;40.5066
451;0;0.3669;0.444;0.4718;0.4743;0.4743214;0.4743214;25.4507;14.9121;14.3824;14.3266;40.0186;40.2286;40.5014;40.5073
451.5;0;0.3669;0.444;0.4718;0.4743;0.4743214;0.4743214;25.4507;14.9121;14.3824;14.3266;40.0186;40.2286;40.5014;40.5073
451.5;0;0.3361;0.4338;0.4707;0.4743;0.4743214;0.4743214;25.4516;15.1437;14.4061;14.3268;40.0198;40.2294;40.5021;40.508
452;0;0.3361;0.4338;0.4707;0.4743;0.4743214;0.4743214;25.4516;15.1437;14.4061;14.3268;40.0198;40.2294;40.5021;40.508
452;0;0.3064;0.4237;0.4697;0.4743;0.4743214;0.4743214;25.4524;15.3749;14.4298;14.3271;40.0211;40.2301;40.5028;40.5087
452.5;0;0.3064;0.4237;0.4697;0.4743;0.4743214;0.4743214;25.4524;15.3749;14.4298;14.3271;40.0211;40.2301;40.5028;40.5087
452.5;0;0.2781;0.4136;0.4687;0.4743;0.4743214;0.4743214;25.4532;15.6053;14.4535;14.3273;40.0223;40.2309;40.5035;40.5094
453;0;0.2781;0.4136;0.4687;0.4743;0.4743214;0.4743214;25.4532;15.6053;14.4535;14.3273;40.0223;40.2309;40.5035;40.5094
453;0;0.2512;0.4036;0.4676;0.4742;0.4743214;0.4743214;25.4541;15.8349;14.4772;14.3276;40.0236;40.2317;40.5042;40.5101
453.5;0;0.2512;0.4036;0.4676;0.4742;0.4743214;0.4743214;25.4541;15.8349;14.4772;14.3276;40.0236;40.2317;40.5042;40.5101
453.5;0;0.2258;0.3936;0.4666;0.4742;0.4743214;0.4743214;25.4549;16.0636;14.5008;14.3278;40.0248;40.2325;40.5049;40.5108
454;0;0.2258;0.3936;0.4666;0.4742;0.4743214;0.4743214;25.4549;16.0636;14.5008;14.3278;40.0248;40.2325;40.5049;40.5108
454;0;0.2021;0.3837;0.4656;0.4742;0.4743214;0.4743214;25.4558;16.2911;14.5244;14.3281;40.0261;40.2333;40.5056;40.5115
454.5;0;0.2021;0.3837;0.4656;0.4742;0.4743214;0.4743214;25.4558;16.2911;14.5244;14.3281;40.0261;40.2333;40.5056;40.5115
454.5;0;0.18;0.3739;0.4645;0.4742;0.4743214;0.4743214;25.4566;16.5174;14.5479;14.3283;40.0273;40.2341;40.5063;40.5122
455;0;0.18;0.3739;0.4645;0.4742;0.4743214;0.4743214;25.4566;16.5174;14.5479;14.3283;40.0273;40.2341;40.5063;40.5122
455;0;0.1596;0.3642;0.4635;0.4742;0.4743214;0.4743214;25.4574;16.7422;14.5714;14.3286;40.0286;40.2349;40.5071;40.5129
455.5;0;0.1596;0.3642;0.4635;0.4742;0.4743214;0.4743214;25.4574;16.7422;14.5714;14.3286;40.0286;40.2349;40.5071;40.5129
455.5;0;0.1409;0.3545;0.4625;0.4742;0.4743214;0.4743214;25.4583;16.9656;14.5948;14.3288;40.0298;40.2357;40.5078;40.5136
456;0;0.1409;0.3545;0.4625;0.4742;0.4743214;0.4743214;25.4583;16.9656;14.5948;14.3288;40.0298;40.2357;40.5078;40.5136
456;0;0.1238;0.345;0.4615;0.4742;0.4743214;0.4743214;25.4591;17.1872;14.6182;14.3291;40.0311;40.2366;40.5085;40.5143
456.5;0;0.1238;0.345;0.4615;0.4742;0.4743214;0.4743214;25.4591;17.1872;14.6182;14.3291;40.0311;40.2366;40.5085;40.5143
456.5;0;0.1083;0.3356;0.4605;0.4742;0.4743214;0.4743214;25.4599;17.4071;14.6415;14.3293;40.0323;40.2374;40.5092;40.515
457;0;0.1083;0.3356;0.4605;0.4742;0.4743214;0.4743214;25.4599;17.4071;14.6415;14.3293;40.0323;40.2374;40.5092;40.515
457;0;0.0944;0.3262;0.4594;0.4742;0.4743214;0.4743214;25.4608;17.625;14.6647;14.3296;40.0336;40.2383;40.5099;40.5157
457.5;0;0.0944;0.3262;0.4594;0.4742;0.4743214;0.4743214;25.4608;17.625;14.6647;14.3296;40.0336;40.2383;40.5099;40.5157
457.5;0;0.0818;0.317;0.4584;0.4742;0.4743214;0.4743214;25.4616;17.8408;14.6879;14.3299;40.0348;40.2392;40.5107;40.5164
458;0;0.0818;0.317;0.4584;0.4742;0.4743214;0.4743214;25.4616;17.8408;14.6879;14.3299;40.0348;40.2392;40.5107;40.5164
458;0;0.0707;0.3079;0.4574;0.4741;0.4743214;0.4743214;25.4625;18.0544;14.7109;14.3301;40.0361;40.2401;40.5114;40.5171
458.5;0;0.0707;0.3079;0.4574;0.4741;0.4743214;0.4743214;25.4625;18.0544;14.7109;14.3301;40.0361;40.2401;40.5114;40.5171
458.5;0;0.0608;0.299;0.4564;0.4741;0.4743214;0.4743214;25.4633;18.2658;14.7339;14.3304;40.0373;40.2409;40.5121;40.5178
459;0;0.0608;0.299;0.4564;0.4741;0.4743214;0.4743214;25.4633;18.2658;14.7339;14.3304;40.0373;40.2409;40.5121;40.5178
459;0;0.052;0.2901;0.4554;0.4741;0.4743214;0.4743214;25.4641;18.4747;14.7567;14.3306;40.0386;40.2419;40.5128;40.5185
459.5;0;0.052;0.2901;0.4554;0.4741;0.4743214;0.4743214;25.4641;18.4747;14.7567;14.3306;40.0386;40.2419;40.5128;40.5185
459.5;0;0.0444;0.2814;0.4544;0.4741;0.4743214;0.4743214;25.465;18.6811;14.7795;14.3309;40.0398;40.2428;40.5135;40.5192
460;0;0.0444;0.2814;0.4544;0.4741;0.4743214;0.4743214;25.465;18.6811;14.7795;14.3309;40.0398;40.2428;40.5135;40.5192
460;0;0.0377;0.2728;0.4535;0.4741;0.4743214;0.4743214;25.4658;18.8848;14.8021;14.3311;40.0411;40.2437;40.5143;40.52
460.5;0;0.0377;0.2728;0.4535;0.4741;0.4743214;0.4743214;25.4658;18.8848;14.8021;14.3311;40.0411;40.2437;40.5143;40.52
460.5;0;0.0319;0.2643;0.4525;0.4741;0.4743214;0.4743214;25.4667;19.0859;14.8247;14.3314;40.0423;40.2446;40.515;40.5207
461;0;0.0319;0.2643;0.4525;0.4741;0.4743214;0.4743214;25.4667;19.0859;14.8247;14.3314;40.0423;40.2446;40.515;40.5207
461;0;0.0269;0.256;0.4515;0.4741;0.4743214;0.4743214;25.4675;19.284;14.8471;14.3316;40.0435;40.2456;40.5157;40.5214
461.5;0;0.0269;0.256;0.4515;0.4741;0.4743214;0.4743214;25.4675;19.284;14.8471;14.3316;40.0435;40.2456;40.5157;40.5214
461.5;0;0.0226;0.2478;0.4505;0.4741;0.4743214;0.4743214;25.4683;19.4793;14.8694;14.3319;40.0448;40.2465;40.5165;40.5221
462;0;0.0226;0.2478;0.4505;0.4741;0.4743214;0.4743214;25.4683;19.4793;14.8694;14.3319;40.0448;40.2465;40.5165;40.5221
462;0;0.0189;0.2398;0.4496;0.4741;0.4743214;0.4743214;25.4692;19.6716;14.8915;14.3321;40.046;40.2475;40.5172;40.5228
462.5;0;0.0189;0.2398;0.4496;0.4741;0.4743214;0.4743214;25.4692;19.6716;14.8915;14.3321;40.046;40.2475;40.5172;40.5228
462.5;0;0.0157;0.2319;0.4486;0.474;0.4743214;0.4743214;25.47;19.8607;14.9136;14.3324;40.0473;40.2485;40.5179;40.5235
463;0;0.0157;0.2319;0.4486;0.474;0.4743214;0.4743214;25.47;19.8607;14.9136;14.3324;40.0473;40.2485;40.5179;40.5235
463;0;0.0131;0.2242;0.4477;0.474;0.4743214;0.4743214;25.4709;20.0467;14.9354;14.3326;40.0485;40.2495;40.5187;40.5242
463.5;0;0.0131;0.2242;0.4477;0.474;0.4743214;0.4743214;25.4709;20.0467;14.9354;14.3326;40.0485;40.2495;40.5187;40.5242
463.5;0;0.0108;0.2166;0.4467;0.474;0.4743214;0.4743214;25.4717;20.2295;14.9572;14.3329;40.0498;40.2505;40.5194;40.5249
464;0;0.0108;0.2166;0.4467;0.474;0.4743214;0.4743214;25.4717;20.2295;14.9572;14.3329;40.0498;40.2505;40.5194;40.5249
464;0;0.0089;0.2092;0.4458;0.474;0.4743214;0.4743214;25.4725;20.409;14.9788;14.3331;40.051;40.2515;40.5201;40.5256
464.5;0;0.0089;0.2092;0.4458;0.474;0.4743214;0.4743214;25.4725;20.409;14.9788;14.3331;40.051;40.2515;40.5201;40.5256
464.5;0;0.0073;0.2019;0.4449;0.474;0.4743214;0.4743214;25.4734;20.5851;15.0002;14.3334;40.0523;40.2525;40.5209;40.5263
465;0;0.0073;0.2019;0.4449;0.474;0.4743214;0.4743214;25.4734;20.5851;15.0002;14.3334;40.0523;40.2525;40.5209;40.5263
465;0;0.006;0.1948;0.4439;0.474;0.4743214;0.4743214;25.4742;20.7578;15.0214;14.3337;40.0535;40.2535;40.5216;40.527
465.5;0;0.006;0.1948;0.4439;0.474;0.4743214;0.4743214;25.4742;20.7578;15.0214;14.3337;40.0535;40.2535;40.5216;40.527
465.5;0;0.0049;0.1878;0.443;0.474;0.4743214;0.4743214;25.4751;20.927;15.0425;14.3339;40.0548;40.2545;40.5223;40.5277
466;0;0.0049;0.1878;0.443;0.474;0.4743214;0.4743214;25.4751;20.927;15.0425;14.3339;40.0548;40.2545;40.5223;40.5277
466;0;0.004;0.181;0.4421;0.474;0.4743214;0.4743214;25.4759;21.0928;15.0635;14.3342;40.056;40.2555;40.5231;40.5284
466.5;0;0.004;0.181;0.4421;0.474;0.4743214;0.4743214;25.4759;21.0928;15.0635;14.3342;40.056;40.2555;40.5231;40.5284
466.5;0;0.0032;0.1744;0.4412;0.474;0.4743214;0.4743214;25.4768;21.255;15.0842;14.3344;40.0573;40.2566;40.5238;40.5291
467;0;0.0032;0.1744;0.4412;0.474;0.4743214;0.4743214;25.4768;21.255;15.0842;14.3344;40.0573;40.2566;40.5238;40.5291
467;0;0.0026;0.1679;0.4403;0.474;0.4743214;0.4743214;25.4776;21.4137;15.1047;14.3347;40.0585;40.2576;40.5245;40.5298
467.5;0;0.0026;0.1679;0.4403;0.474;0.4743214;0.4743214;25.4776;21.4137;15.1047;14.3347;40.0585;40.2576;40.5245;40.5298
467.5;0;0.0021;0.1616;0.4395;0.4739;0.4743214;0.4743214;25.4784;21.5687;15.1251;14.3349;40.0598;40.2587;40.5253;40.5305
468;0;0.0021;0.1616;0.4395;0.4739;0.4743214;0.4743214;25.4784;21.5687;15.1251;14.3349;40.0598;40.2587;40.5253;40.5305
468;0;0.0017;0.1554;0.4386;0.4739;0.4743214;0.4743214;25.4793;21.7202;15.1453;14.3352;40.061;40.2598;40.526;40.5312
468.5;0;0.0017;0.1554;0.4386;0.4739;0.4743214;0.4743214;25.4793;21.7202;15.1453;14.3352;40.061;40.2598;40.526;40.5312
468.5;0;0.0014;0.1494;0.4377;0.4739;0.4743214;0.4743214;25.4801;21.868;15.1653;14.3354;40.0623;40.2608;40.5268;40.5319
469;0;0.0014;0.1494;0.4377;0.4739;0.4743214;0.4743214;25.4801;21.868;15.1653;14.3354;40.0623;40.2608;40.5268;40.5319
469;0;0.0011;0.1436;0.4369;0.4739;0.4743214;0.4743214;25.481;22.0121;15.185;14.3357;40.0635;40.2619;40.5275;40.5326
469.5;0;0.0011;0.1436;0.4369;0.4739;0.4743214;0.4743214;25.481;22.0121;15.185;14.3357;40.0635;40.2619;40.5275;40.5326
469.5;0;0.0009;0.1379;0.436;0.4739;0.4743214;0.4743214;25.4818;22.1527;15.2046;14.3359;40.0648;40.263;40.5283;40.5333
470;0;0.0009;0.1379;0.436;0.4739;0.4743214;0.4743214;25.4818;22.1527;15.2046;14.3359;40.0648;40.263;40.5283;40.5333
470;0;0.0007;0.1324;0.4352;0.4739;0.4743214;0.4743214;25.4826;22.2896;15.2239;14.3362;40.066;40.2641;40.529;40.534
470.5;0;0.0007;0.1324;0.4352;0.4739;0.4743214;0.4743214;25.4826;22.2896;15.2239;14.3362;40.066;40.2641;40.529;40.534
470.5;0;0.0006;0.127;0.4344;0.4739;0.4743214;0.4743214;25.4835;22.4228;15.2431;14.3364;40.0673;40.2652;40.5298;40.5347
471;0;0.0006;0.127;0.4344;0.4739;0.4743214;0.4743214;25.4835;22.4228;15.2431;14.3364;40.0673;40.2652;40.5298;40.5347
471;0;0.0004;0.1218;0.4336;0.4739;0.4743214;0.4743214;25.4843;22.5524;15.262;14.3367;40.0685;40.2663;40.5305;40.5354
471.5;0;0.0004;0.1218;0.4336;0.4739;0.4743214;0.4743214;25.4843;22.5524;15.262;14.3367;40.0685;40.2663;40.5305;40.5354
471.5;0;0.0003;0.1168;0.4327;0.4739;0.4743214;0.4743214;25.4852;22.6784;15.2807;14.3369;40.0698;40.2674;40.5313;40.5361
472;0;0.0003;0.1168;0.4327;0.4739;0.4743214;0.4743214;25.4852;22.6784;15.2807;14.3369;40.0698;40.2674;40.5313;40.5361
472;0;0.0003;0.1119;0.432;0.4739;0.4743214;0.4743214;25.486;22.8008;15.2991;14.3372;40.071;40.2685;40.532;40.5368
472.5;0;0.0003;0.1119;0.432;0.4739;0.4743214;0.4743214;25.486;22.8008;15.2991;14.3372;40.071;40.2685;40.532;40.5368
472.5;0;0.0002;0.1071;0.4312;0.4739;0.4743214;0.4743214;25.4868;22.9196;15.3173;14.3374;40.0723;40.2696;40.5328;40.5375
473;0;0.0002;0.1071;0.4312;0.4739;0.4743214;0.4743214;25.4868;22.9196;15.3173;14.3374;40.0723;40.2696;40.5328;40.5375
473;0;0.0002;0.1025;0.4304;0.4738;0.4743214;0.4743214;25.4877;23.0349;15.3353;14.3377;40.0735;40.2708;40.5335;40.5382
473.5;0;0.0002;0.1025;0.4304;0.4738;0.4743214;0.4743214;25.4877;23.0349;15.3353;14.3377;40.0735;40.2708;40.5335;40.5382
473.5;0;0.0001;0.098;0.4296;0.4738;0.4743214;0.4743214;25.4885;23.1467;15.353;14.3379;40.0748;40.2719;40.5343;40.5389
474;0;0.0001;0.098;0.4296;0.4738;0.4743214;0.4743214;25.4885;23.1467;15.353;14.3379;40.0748;40.2719;40.5343;40.5389
474;0;0.0001;0.0937;0.4289;0.4738;0.4743214;0.4743214;25.4894;23.2549;15.3705;14.3382;40.076;40.273;40.535;40.5396
474.5;0;0.0001;0.0937;0.4289;0.4738;0.4743214;0.4743214;25.4894;23.2549;15.3705;14.3382;40.076;40.273;40.535;40.5396
474.5;0;0.0001;0.0896;0.4281;0.4738;0.4743214;0.4743214;25.4902;23.3598;15.3877;14.3385;40.0773;40.2742;40.5358;40.5403
475;0;0.0001;0.0896;0.4281;0.4738;0.4743214;0.4743214;25.4902;23.3598;15.3877;14.3385;40.0773;40.2742;40.5358;40.5403
475;0;0.0001;0.0855;0.4274;0.4738;0.4743214;0.4743214;25.491;23.4612;15.4047;14.3387;40.0785;40.2753;40.5365;40.541
475.5;0;0.0001;0.0855;0.4274;0.4738;0.4743214;0.4743214;25.491;23.4612;15.4047;14.3387;40.0785;40.2753;40.5365;40.541
475.5;0;0;0.0817;0.4267;0.4738;0.4743214;0.4743214;25.4919;23.5592;15.4214;14.339;40.0798;40.2765;40.5373;40.5417
476;0;0;0.0817;0.4267;0.4738;0.4743214;0.4743214;25.4919;23.5592;15.4214;14.339;40.0798;40.2765;40.5373;40.5417
476;0;0;0.0779;0.426;0.4738;0.4743214;0.4743214;25.4927;23.6539;15.4378;14.3392;40.081;40.2777;40.538;40.5424
476.5;0;0;0.0779;0.426;0.4738;0.4743214;0.4743214;25.4927;23.6539;15.4378;14.3392;40.081;40.2777;40.538;40.5424
476.5;0;0;0.0743;0.4253;0.4738;0.4743214;0.4743214;25.4936;23.7454;15.454;14.3395;40.0823;40.2788;40.5388;40.5431
477;0;0;0.0743;0.4253;0.4738;0.4743214;0.4743214;25.4936;23.7454;15.454;14.3395;40.0823;40.2788;40.5388;40.5431
477;0;0;0.0708;0.4246;0.4738;0.4743214;0.4743214;25.4944;23.8337;15.4699;14.3397;40.0835;40.28;40.5396;40.5439
477.5;0;0;0.0708;0.4246;0.4738;0.4743214;0.4743214;25.4944;23.8337;15.4699;14.3397;40.0835;40.28;40.5396;40.5439
477.5;0;0;0.0675;0.424;0.4738;0.4743214;0.4743214;25.4952;23.9187;15.4855;14.34;40.0848;40.2812;40.5403;40.5446
478;0;0;0.0675;0.424;0.4738;0.4743214;0.4743214;25.4952;23.9187;15.4855;14.34;40.0848;40.2812;40.5403;40.5446
478;0;0;0.0642;0.4233;0.4738;0.4743214;0.4743214;25.4961;24.0007;15.5008;14.3402;40.086;40.2823;40.5411;40.5453
478.5;0;0;0.0642;0.4233;0.4738;0.4743214;0.4743214;25.4961;24.0007;15.5008;14.3402;40.086;40.2823;40.5411;40.5453
478.5;0;0;0.0611;0.4227;0.4738;0.4743214;0.4743214;25.4969;24.0797;15.5159;14.3405;40.0873;40.2835;40.5418;40.546
479;0;0;0.0611;0.4227;0.4738;0.4743214;0.4743214;25.4969;24.0797;15.5159;14.3405;40.0873;40.2835;40.5418;40.546
479;0;0;0.0582;0.422;0.4738;0.4743214;0.4743214;25.4978;24.1556;15.5306;14.3407;40.0885;40.2847;40.5426;40.5467
479.5;0;0;0.0582;0.422;0.4738;0.4743214;0.4743214;25.4978;24.1556;15.5306;14.3407;40.0885;40.2847;40.5426;40.5467
479.5;0;0;0.0553;0.4214;0.4738;0.4743214;0.4743214;25.4986;24.2286;15.5451;14.341;40.0898;40.2859;40.5434;40.5474
480;0;0;0.0553;0.4214;0.4738;0.4743214;0.4743214;25.4986;24.2286;15.5451;14.341;40.0898;40.2859;40.5434;40.5474
480;0;0;0.0525;0.4208;0.4737;0.4743214;0.4743214;25.4995;24.2988;15.5592;14.3412;40.091;40.2871;40.5441;40.5481
480.5;0;0;0.0525;0.4208;0.4737;0.4743214;0.4743214;25.4995;24.2988;15.5592;14.3412;40.091;40.2871;40.5441;40.5481
480.5;0;0;0.0499;0.4202;0.4737;0.4743214;0.4743214;25.5003;24.3661;15.5731;14.3415;40.0923;40.2883;40.5449;40.5488
481;0;0;0.0499;0.4202;0.4737;0.4743214;0.4743214;25.5003;24.3661;15.5731;14.3415;40.0923;40.2883;40.5449;40.5488
481;0;0;0.0474;0.4196;0.4737;0.4743214;0.4743214;25.5011;24.4307;15.5867;14.3417;40.0935;40.2895;40.5457;40.5495
481.5;0;0;0.0474;0.4196;0.4737;0.4743214;0.4743214;25.5011;24.4307;15.5867;14.3417;40.0935;40.2895;40.5457;40.5495
481.5;0;0;0.045;0.4191;0.4737;0.4743214;0.4743214;25.502;24.4927;15.5999;14.342;40.0948;40.2907;40.5464;40.5502
482;0;0;0.045;0.4191;0.4737;0.4743214;0.4743214;25.502;24.4927;15.5999;14.342;40.0948;40.2907;40.5464;40.5502
482;0;0;0.0427;0.4185;0.4737;0.4743214;0.4743214;25.5028;24.552;15.6129;14.3422;40.096;40.2919;40.5472;40.5509
482.5;0;0;0.0427;0.4185;0.4737;0.4743214;0.4743214;25.5028;24.552;15.6129;14.3422;40.096;40.2919;40.5472;40.5509
482.5;0;0;0.0405;0.418;0.4737;0.4743214;0.4743214;25.5037;24.6088;15.6255;14.3425;40.0973;40.2931;40.5479;40.5516
483;0;0;0.0405;0.418;0.4737;0.4743214;0.4743214;25.5037;24.6088;15.6255;14.3425;40.0973;40.2931;40.5479;40.5516
483;0;0;0.0383;0.4174;0.4737;0.4743214;0.4743214;25.5045;24.6631;15.6378;14.3427;40.0985;40.2943;40.5487;40.5523
483.5;0;0;0.0383;0.4174;0.4737;0.4743214;0.4743214;25.5045;24.6631;15.6378;14.3427;40.0985;40.2943;40.5487;40.5523
483.5;0;0;0.0363;0.4169;0.4737;0.4743214;0.4743214;25.5053;24.715;15.6498;14.343;40.0998;40.2955;40.5495;40.553
484;0;0;0.0363;0.4169;0.4737;0.4743214;0.4743214;25.5053;24.715;15.6498;14.343;40.0998;40.2955;40.5495;40.553
484;0;0;0.0344;0.4164;0.4737;0.4743214;0.4743214;25.5062;24.7646;15.6615;14.3432;40.101;40.2967;40.5502;40.5537
484.5;0;0;0.0344;0.4164;0.4737;0.4743214;0.4743214;25.5062;24.7646;15.6615;14.3432;40.101;40.2967;40.5502;40.5537
484.5;0;0;0.0326;0.416;0.4737;0.4743214;0.4743214;25.507;24.8119;15.6728;14.3435;40.1023;40.2979;40.551;40.5544
485;0;0;0.0326;0.416;0.4737;0.4743214;0.4743214;25.507;24.8119;15.6728;14.3435;40.1023;40.2979;40.551;40.5544
485;0;0;0.0308;0.4155;0.4737;0.4743214;0.4743214;25.5079;24.8569;15.6838;14.3438;40.1035;40.2991;40.5518;40.5551
485.5;0;0;0.0308;0.4155;0.4737;0.4743214;0.4743214;25.5079;24.8569;15.6838;14.3438;40.1035;40.2991;40.5518;40.5551
485.5;0;0;0.0292;0.415;0.4737;0.4743214;0.4743214;25.5087;24.8999;15.6945;14.344;40.1048;40.3004;40.5526;40.5558
486;0;0;0.0292;0.415;0.4737;0.4743214;0.4743214;25.5087;24.8999;15.6945;14.344;40.1048;40.3004;40.5526;40.5558
486;0;0;0.0276;0.4146;0.4737;0.4743214;0.4743214;25.5095;24.9407;15.7049;14.3443;40.106;40.3016;40.5533;40.5565
486.5;0;0;0.0276;0.4146;0.4737;0.4743214;0.4743214;25.5095;24.9407;15.7049;14.3443;40.106;40.3016;40.5533;40.5565
486.5;0;0;0.0261;0.4142;0.4737;0.4743214;0.4743214;25.5104;24.9795;15.7149;14.3445;40.1073;40.3028;40.5541;40.5572
487;0;0;0.0261;0.4142;0.4737;0.4743214;0.4743214;25.5104;24.9795;15.7149;14.3445;40.1073;40.3028;40.5541;40.5572
487;0;0;0.0247;0.4138;0.4737;0.4743214;0.4743214;25.5112;25.0163;15.7246;14.3448;40.1085;40.304;40.5549;40.5579
487.5;0;0;0.0247;0.4138;0.4737;0.4743214;0.4743214;25.5112;25.0163;15.7246;14.3448;40.1085;40.304;40.5549;40.5579
487.5;0;0;0.0234;0.4134;0.4737;0.4743214;0.4743214;25.5121;25.0512;15.7339;14.345;40.1098;40.3053;40.5556;40.5586
488;0;0;0.0234;0.4134;0.4737;0.4743214;0.4743214;25.5121;25.0512;15.7339;14.345;40.1098;40.3053;40.5556;40.5586
488;0;0;0.0221;0.413;0.4737;0.4743214;0.4743214;25.5129;25.0843;15.7429;14.3453;40.111;40.3065;40.5564;40.5593
488.5;0;0;0.0221;0.413;0.4737;0.4743214;0.4743214;25.5129;25.0843;15.7429;14.3453;40.111;40.3065;40.5564;40.5593
488.5;0;0;0.0209;0.4126;0.4737;0.4743214;0.4743214;25.5138;25.1156;15.7516;14.3455;40.1123;40.3077;40.5572;40.56
489;0;0;0.0209;0.4126;0.4737;0.4743214;0.4743214;25.5138;25.1156;15.7516;14.3455;40.1123;40.3077;40.5572;40.56
489;0;0;0.0198;0.4123;0.4737;0.4743214;0.4743214;25.5146;25.1451;15.7599;14.3458;40.1135;40.309;40.558;40.5607
489.5;0;0;0.0198;0.4123;0.4737;0.4743214;0.4743214;25.5146;25.1451;15.7599;14.3458;40.1135;40.309;40.558;40.5607
489.5;0;0;0.0187;0.412;0.4736;0.4743214;0.4743214;25.5154;25.1729;15.7678;14.346;40.1148;40.3102;40.5587;40.5614
490;0;0;0.0187;0.412;0.4736;0.4743214;0.4743214;25.5154;25.1729;15.7678;14.346;40.1148;40.3102;40.5587;40.5614
490;0;0;0.0177;0.4116;0.4736;0.4743214;0.4743214;25.5163;25.1992;15.7754;14.3463;40.116;40.3114;40.5595;40.5621
490.5;0;0;0.0177;0.4116;0.4736;0.4743214;0.4743214;25.5163;25.1992;15.7754;14.3463;40.116;40.3114;40.5595;40.5621
490.5;0;0;0.0168;0.4113;0.4736;0.4743214;0.4743214;25.5171;25.2238;15.7827;14.3465;40.1173;40.3127;40.5603;40.5628
491;0;0;0.0168;0.4113;0.4736;0.4743214;0.4743214;25.5171;25.2238;15.7827;14.3465;40.1173;40.3127;40.5603;40.5628
491;0;0;0.0159;0.4111;0.4736;0.4743214;0.4743214;25.518;25.2469;15.7896;14.3468;40.1186;40.3139;40.5611;40.5635
491.5;0;0;0.0159;0.4111;0.4736;0.4743214;0.4743214;25.518;25.2469;15.7896;14.3468;40.1186;40.3139;40.5611;40.5635
491.5;0;0;0.0151;0.4108;0.4736;0.4743214;0.4743214;25.5188;25.2685;15.7961;14.347;40.1198;40.3151;40.5618;40.5642
492;0;0;0.0151;0.4108;0.4736;0.4743214;0.4743214;25.5188;25.2685;15.7961;14.347;40.1198;40.3151;40.5618;40.5642
492;0;0;0.0143;0.4105;0.4736;0.4743214;0.4743214;25.5197;25.2886;15.8023;14.3473;40.1211;40.3164;40.5626;40.565
492.5;0;0;0.0143;0.4105;0.4736;0.4743214;0.4743214;25.5197;25.2886;15.8023;14.3473;40.1211;40.3164;40.5626;40.565
492.5;0;0;0.0136;0.4103;0.4736;0.4743214;0.4743214;25.5205;25.3073;15.8081;14.3475;40.1223;40.3176;40.5634;40.5657
493;0;0;0.0136;0.4103;0.4736;0.4743214;0.4743214;25.5205;25.3073;15.8081;14.3475;40.1223;40.3176;40.5634;40.5657
493;0;0;0.013;0.4101;0.4736;0.4743214;0.4743214;25.5213;25.3247;15.8136;14.3478;40.1236;40.3189;40.5641;40.5664
493.5;0;0;0.013;0.4101;0.4736;0.4743214;0.4743214;25.5213;25.3247;15.8136;14.3478;40.1236;40.3189;40.5641;40.5664
493.5;0;0;0.0124;0.4099;0.4736;0.4743214;0.4743214;25.5222;25.3407;15.8186;14.348;40.1248;40.3201;40.5649;40.5671
494;0;0;0.0124;0.4099;0.4736;0.4743214;0.4743214;25.5222;25.3407;15.8186;14.348;40.1248;40.3201;40.5649;40.5671
494;0;0;0.0118;0.4097;0.4736;0.4743214;0.4743214;25.523;25.3555;15.8234;14.3483;40.1261;40.3214;40.5657;40.5678
494.5;0;0;0.0118;0.4097;0.4736;0.4743214;0.4743214;25.523;25.3555;15.8234;14.3483;40.1261;40.3214;40.5657;40.5678
494.5;0;0;0.0113;0.4095;0.4736;0.4743214;0.4743214;25.5239;25.3689;15.8277;14.3485;40.1273;40.3226;40.5665;40.5685
495;0;0;0.0113;0.4095;0.4736;0.4743214;0.4743214;25.5239;25.3689;15.8277;14.3485;40.1273;40.3226;40.5665;40.5685
495;0;0;0.0109;0.4093;0.4736;0.4743214;0.4743214;25.5247;25.3811;15.8318;14.3488;40.1286;40.3238;40.5673;40.5692
495.5;0;0;0.0109;0.4093;0.4736;0.4743214;0.4743214;25.5247;25.3811;15.8318;14.3488;40.1286;40.3238;40.5673;40.5692
495.5;0;0;0.0105;0.4092;0.4736;0.4743214;0.4743214;25.5255;25.3921;15.8354;14.349;40.1298;40.3251;40.568;40.5699
496;0;0;0.0105;0.4092;0.4736;0.4743214;0.4743214;25.5255;25.3921;15.8354;14.349;40.1298;40.3251;40.568;40.5699
496;0;0;0.0101;0.4091;0.4736;0.4743214;0.4743214;25.5264;25.4019;15.8387;14.3493;40.1311;40.3263;40.5688;40.5706
496.5;0;0;0.0101;0.4091;0.4736;0.4743214;0.4743214;25.5264;25.4019;15.8387;14.3493;40.1311;40.3263;40.5688;40.5706
496.5;0;0;0.0098;0.4089;0.4736;0.4743214;0.4743214;25.5272;25.4106;15.8416;14.3495;40.1323;40.3276;40.5696;40.5713
497;0;0;0.0098;0.4089;0.4736;0.4743214;0.4743214;25.5272;25.4106;15.8416;14.3495;40.1323;40.3276;40.5696;40.5713
497;0;0;0.0096;0.4088;0.4736;0.4743214;0.4743214;25.5281;25.4181;15.8441;14.3498;40.1336;40.3288;40.5704;40.572
497.5;0;0;0.0096;0.4088;0.4736;0.4743214;0.4743214;25.5281;25.4181;15.8441;14.3498;40.1336;40.3288;40.5704;40.572
497.5;0;0;0.0093;0.4088;0.4736;0.4743214;0.4743214;25.5289;25.4244;15.8462;14.35;40.1348;40.3301;40.5711;40.5727
498;0;0;0.0093;0.4088;0.4736;0.4743214;0.4743214;25.5289;25.4244;15.8462;14.35;40.1348;40.3301;40.5711;40.5727
498;0;0;0.0092;0.4087;0.4736;0.4743214;0.4743214;25.5298;25.4297;15.848;14.3503;40.1361;40.3313;40.5719;40.5734
498.5;0;0;0.0092;0.4087;0.4736;0.4743214;0.4743214;25.5298;25.4297;15.848;14.3503;40.1361;40.3313;40.5719;40.5734
498.5;0;0;0.009;0.4087;0.4736;0.4743214;0.4743214;25.5306;25.4338;15.8495;14.3505;40.1373;40.3326;40.5727;40.5741
499;0;0;0.009;0.4087;0.4736;0.4743214;0.4743214;25.5306;25.4338;15.8495;14.3505;40.1373;40.3326;40.5727;40.5741
499;0;0;0.009;0.4086;0.4736;0.4743214;0.4743214;25.5314;25.4368;15.8505;14.3508;40.1386;40.3338;40.5735;40.5748
499.5;0;0;0.009;0.4086;0.4736;0.4743214;0.4743214;25.5314;25.4368;15.8505;14.3508;40.1386;40.3338;40.5735;40.5748
499.5;0;0;0.0089;0.4086;0.4736;0.4743214;0.4743214;25.5323;25.4387;15.8512;14.351;40.1398;40.3351;40.5742;40.5755
500;0;0;0.0089;0.4086;0.4736;0.4743214;0.4743214;25.5323;25.4387;15.8512;14.351;40.1398;40.3351;40.5742;40.5755
